#! FIELDS d1.x projection
#! SET min_d1.x -5.0
#! SET max_d1.x 31.0
#! SET nbins_d1.x  301
#! SET periodic_d1.x false
   -5.000000000   34.079530316
   -4.880000000   34.079530316
   -4.760000000   34.079530316
   -4.640000000   34.079530316
   -4.520000000   34.079530316
   -4.400000000   34.079530316
   -4.280000000   34.079530316
   -4.160000000   34.079496247
   -4.040000000   34.079219160
   -3.920000000   34.077542359
   -3.800000000   34.070452922
   -3.680000000   34.048970676
   -3.560000000   34.001566202
   -3.440000000   33.925962436
   -3.320000000   33.835251495
   -3.200000000   33.720983820
   -3.080000000   33.516123298
   -2.960000000   33.148868909
   -2.840000000   32.667484576
   -2.720000000   32.194591265
   -2.600000000   31.822067200
   -2.480000000   31.552792266
   -2.360000000   31.171298062
   -2.240000000   30.512144080
   -2.120000000   29.685464774
   -2.000000000   28.909677210
   -1.880000000   28.288436284
   -1.760000000   27.732579355
   -1.640000000   27.149337570
   -1.520000000   26.568819468
   -1.400000000   25.980693376
   -1.280000000   25.344457251
   -1.160000000   24.670418002
   -1.040000000   23.928929856
   -0.920000000   23.144877737
   -0.800000000   22.463598713
   -0.680000000   21.898880960
   -0.560000000   21.311692543
   -0.440000000   20.686224687
   -0.320000000   20.096848293
   -0.200000000   19.468323544
   -0.080000000   18.766582832
    0.040000000   18.197380522
    0.160000000   17.904465644
    0.280000000   17.721138384
    0.400000000   17.478121955
    0.520000000   17.101151211
    0.640000000   16.540104136
    0.760000000   15.884813138
    0.880000000   15.355066016
    1.000000000   15.053017814
    1.120000000   14.840814774
    1.240000000   14.551296422
    1.360000000   14.152479723
    1.480000000   13.661630757
    1.600000000   13.120727884
    1.720000000   12.722250008
    1.840000000   12.587240349
    1.960000000   12.454007969
    2.080000000   12.040937569
    2.200000000   11.513649976
    2.320000000   11.191724975
    2.440000000   11.055450956
    2.560000000   10.887844942
    2.680000000   10.617358686
    2.800000000   10.335662676
    2.920000000   10.132863123
    3.040000000    9.969414923
    3.160000000    9.788881219
    3.280000000    9.601514308
    3.400000000    9.414981891
    3.520000000    9.288976694
    3.640000000    9.324228355
    3.760000000    9.446653006
    3.880000000    9.464533994
    4.000000000    9.330166132
    4.120000000    9.121698892
    4.240000000    8.941452255
    4.360000000    8.956095141
    4.480000000    9.167217084
    4.600000000    9.291511172
    4.720000000    9.177212659
    4.840000000    9.016356947
    4.960000000    8.981452776
    5.080000000    8.971368141
    5.200000000    8.891514653
    5.320000000    8.934620460
    5.440000000    9.204827506
    5.560000000    9.497488125
    5.680000000    9.610464258
    5.800000000    9.621685868
    5.920000000    9.701727303
    6.040000000    9.931059923
    6.160000000   10.186994870
    6.280000000   10.353948967
    6.400000000   10.583999318
    6.520000000   10.861205510
    6.640000000   10.948832951
    6.760000000   10.890697517
    6.880000000   10.978805555
    7.000000000   11.244240798
    7.120000000   11.482409651
    7.240000000   11.645278805
    7.360000000   11.809690872
    7.480000000   11.969932086
    7.600000000   12.170593937
    7.720000000   12.546692880
    7.840000000   13.018121441
    7.960000000   13.310836516
    8.080000000   13.347282408
    8.200000000   13.209779637
    8.320000000   12.924858989
    8.440000000   12.540401608
    8.560000000   12.094706306
    8.680000000   11.514666620
    8.800000000   10.808264188
    8.920000000   10.168923402
    9.040000000    9.659838688
    9.160000000    9.172422455
    9.280000000    8.674969711
    9.400000000    8.177211374
    9.520000000    7.668421044
    9.640000000    7.116358626
    9.760000000    6.487216773
    9.880000000    5.877972343
   10.000000000    5.445473968
   10.120000000    5.110278437
   10.240000000    4.695269528
   10.360000000    4.278326999
   10.480000000    4.029566816
   10.600000000    3.871925120
   10.720000000    3.632517267
   10.840000000    3.340014772
   10.960000000    3.138639845
   11.080000000    3.018979677
   11.200000000    2.867152031
   11.320000000    2.649450419
   11.440000000    2.453837619
   11.560000000    2.355371531
   11.680000000    2.291330602
   11.800000000    2.180573842
   11.920000000    2.030684499
   12.040000000    1.875432046
   12.160000000    1.752912452
   12.280000000    1.696700298
   12.400000000    1.667441145
   12.520000000    1.579367920
   12.640000000    1.445370784
   12.760000000    1.357447253
   12.880000000    1.301477670
   13.000000000    1.161369490
   13.120000000    0.929647801
   13.240000000    0.712955771
   13.360000000    0.630160152
   13.480000000    0.643686543
   13.600000000    0.610298742
   13.720000000    0.534371345
   13.840000000    0.504160326
   13.960000000    0.510271597
   14.080000000    0.434125081
   14.200000000    0.303968090
   14.320000000    0.242885272
   14.440000000    0.187798869
   14.560000000    0.055543065
   14.680000000    0.000000000
   14.800000000    0.147831425
   14.920000000    0.385191374
   15.040000000    0.547190016
   15.160000000    0.578945875
   15.280000000    0.553042166
   15.400000000    0.614908675
   15.520000000    0.805737656
   15.640000000    1.083408620
   15.760000000    1.407072026
   15.880000000    1.703153398
   16.000000000    1.949592846
   16.120000000    2.157022646
   16.240000000    2.289900312
   16.360000000    2.382552620
   16.480000000    2.580331006
   16.600000000    2.867618555
   16.720000000    3.133376859
   16.840000000    3.434090991
   16.960000000    3.845168654
   17.080000000    4.250168052
   17.200000000    4.524579223
   17.320000000    4.721994543
   17.440000000    4.959363363
   17.560000000    5.263667797
   17.680000000    5.632154253
   17.800000000    6.110659478
   17.920000000    6.652864600
   18.040000000    7.047300880
   18.160000000    7.319899262
   18.280000000    7.758706720
   18.400000000    8.383941749
   18.520000000    8.900586472
   18.640000000    9.229713386
   18.760000000    9.641287032
   18.880000000   10.256064246
   19.000000000   10.864568251
   19.120000000   11.385637305
   19.240000000   11.891356046
   19.360000000   12.365241324
   19.480000000   12.843757949
   19.600000000   13.530299031
   19.720000000   14.455418605
   19.840000000   15.246976520
   19.960000000   15.727494281
   20.080000000   16.192728026
   20.200000000   16.840608216
   20.320000000   17.596854355
   20.440000000   18.382861640
   20.560000000   19.204698825
   20.680000000   20.061617958
   20.800000000   20.893986398
   20.920000000   21.686647644
   21.040000000   22.473078784
   21.160000000   23.184297378
   21.280000000   23.764443389
   21.400000000   24.230510485
   21.520000000   24.730632000
   21.640000000   25.496852117
   21.760000000   26.439354394
   21.880000000   27.325010868
   22.000000000   28.085748407
   22.120000000   28.940638685
   22.240000000   30.013076412
   22.360000000   31.031132146
   22.480000000   31.756853590
   22.600000000   32.281619573
   22.720000000   32.787659193
   22.840000000   33.270318890
   22.960000000   33.600134811
   23.080000000   33.765682911
   23.200000000   33.861475369
   23.320000000   33.948745879
   23.440000000   34.019363667
   23.560000000   34.058671570
   23.680000000   34.074173464
   23.800000000   34.078532404
   23.920000000   34.079462239
   24.040000000   34.079530316
   24.160000000   34.079530316
   24.280000000   34.079530316
   24.400000000   34.079530316
   24.520000000   34.079530316
   24.640000000   34.079530316
   24.760000000   34.079530316
   24.880000000   34.079530316
   25.000000000   34.079530316
   25.120000000   34.079530316
   25.240000000   34.079530316
   25.360000000   34.079530316
   25.480000000   34.079530316
   25.600000000   34.079530316
   25.720000000   34.079530316
   25.840000000   34.079530316
   25.960000000   34.079530316
   26.080000000   34.079530316
   26.200000000   34.079530316
   26.320000000   34.079530316
   26.440000000   34.079530316
   26.560000000   34.079530316
   26.680000000   34.079530316
   26.800000000   34.079530316
   26.920000000   34.079530316
   27.040000000   34.079530316
   27.160000000   34.079530316
   27.280000000   34.079530316
   27.400000000   34.079530316
   27.520000000   34.079530316
   27.640000000   34.079530316
   27.760000000   34.079530316
   27.880000000   34.079530316
   28.000000000   34.079530316
   28.120000000   34.079530316
   28.240000000   34.079530316
   28.360000000   34.079530316
   28.480000000   34.079530316
   28.600000000   34.079530316
   28.720000000   34.079530316
   28.840000000   34.079530316
   28.960000000   34.079530316
   29.080000000   34.079530316
   29.200000000   34.079530316
   29.320000000   34.079530316
   29.440000000   34.079530316
   29.560000000   34.079530316
   29.680000000   34.079530316
   29.800000000   34.079530316
   29.920000000   34.079530316
   30.040000000   34.079530316
   30.160000000   34.079530316
   30.280000000   34.079530316
   30.400000000   34.079530316
   30.520000000   34.079530316
   30.640000000   34.079530316
   30.760000000   34.079530316
   30.880000000   34.079530316
   31.000000000   34.079530316
