-72.0 5425000.0 11182.34514 6.06642223845e-05 
-72.0 5401000.0 616643.52261 0.0033304916656166105 
-72.0 5026000.0 9440673.310065 0.047448824056386694 
-72.0 3344000.0 9034.229527 3.0210463538288002e-05 
-72.0 6256000.0 3154000.275077 0.019731425720881712 
-72.0 5266000.0 4883.78166 2.571799422156e-05 
-72.0 4204000.0 706.466948 2.969987049392e-06 
-72.0 7210000.0 336597.713577 0.0024268695148901703 
-72.0 4048000.0 9414.997555 3.811191010264e-05 
-72.0 4404000.0 504.593241 2.2222286333639998e-06 
-72.0 5517000.0 146538.413877 0.0008084524293594092 
-72.0 7662000.0 1728755.882395 0.013245727570910491 
-72.0 5793000.0 270512.783347 0.0015670805539291712 
-72.0 6768000.0 45028.018195 0.00030474962714376 
-72.0 10806000.0 3783324684.556047 40.88260654131265 
-72.0 6981000.0 15920.263061 0.00011113935642884101 
-72.0 7282000.0 25262.497238 0.000183961504887116 
-72.0 5693000.0 3448391.860759 0.019631694863300988 
-72.0 7520000.0 531342.609148 0.00399569642079296 
-72.0 8073000.0 28751.195946 0.00023210840487205802 
-69.0 4690000.0 20048.700923 9.402840732887e-05 
-69.0 5929000.0 29637.899051 0.000175723103473379 
-69.0 7447000.0 7158981.617822 0.053312936107920435 
-69.0 8792000.0 231570723.012445 2.0359697967254164 
-69.0 3795000.0 693.405802 2.6314750185900003e-06 
-69.0 5958000.0 379819.053892 0.002262961923088536 
-69.0 3281000.0 283.731477 9.30922976037e-07 
-69.0 4470000.0 4434.098445 1.982042004915e-05 
-69.0 6284000.0 31742.703958 0.00019947115167207198 
-69.0 6446000.0 1111470.280149 0.007164537425840454 
-69.0 3043000.0 2169.079739 6.600509645777e-06 
-69.0 8742000.0 1492160.270077 0.013044465081013135 
-69.0 3195000.0 5362.18468 1.71321800526e-05 
-69.0 3963000.0 67020.017021 0.0002656003274542231 
-69.0 8614000.0 30910320.586668 0.26626150153355815 
-69.0 5392000.0 2427.526243 1.3089221502256e-05 
-69.0 6501000.0 25525.247998 0.00016593963723499802 
-69.0 5096000.0 28079.176563 0.00014309148376504802 
-69.0 4110000.0 50819.996728 0.00020887018655208 
-69.0 3813000.0 11914.52535 4.543008515955e-05 
-66.0 6816000.0 3701702.605798 0.02523080496111917 
-66.0 14079000.0 27102327425.39617 381.57366782215274 
-66.0 5058000.0 7373.696253 3.7296155647674006e-05 
-66.0 7999000.0 8355576.047476 0.06683625280376053 
-66.0 3725000.0 95277.961095 0.00035491040507887507 
-66.0 6903000.0 4629.230113 3.1955575470039e-05 
-66.0 7667000.0 16440579.182871 0.12604992059507197 
-66.0 3713000.0 7126.705366 2.6461457023958e-05 
-66.0 4023000.0 285692.792347 0.0011493421036119812 
-66.0 4793000.0 109979.871365 0.0005271335234524451 
-66.0 7819000.0 21356.103908 0.000166983376456652 
-66.0 4409000.0 494.288368 2.179317414512e-06 
-66.0 4180000.0 10124.928205 4.23221998969e-05 
-66.0 8493000.0 778834.52987 0.00661464166218591 
-66.0 4365000.0 29418.645586 0.00012841238798289 
-66.0 4845000.0 2161855.622642 0.010474190491700492 
-66.0 4826000.0 149000.520803 0.000719076513395278 
-66.0 4251000.0 6842.041741 2.9085519440991004e-05 
-66.0 7424000.0 40348261.128436 0.2995454906175089 
-66.0 5900000.0 1413896.152145 0.008341987297655501 
-63.0 4906000.0 17569.494695 8.619594097367e-05 
-63.0 4529000.0 2645.397762 1.1981006464098e-05 
-63.0 6455000.0 217802.880347 0.001405917592639885 
-63.0 9922000.0 11611383.763334 0.11520814969979996 
-63.0 4250000.0 1696.062933 7.208267465249999e-06 
-63.0 7324000.0 16878411.238347 0.12361748390965345 
-63.0 4665000.0 15850.595218 7.394302669197001e-05 
-63.0 6713000.0 101428031.87392 0.6808863779696249 
-63.0 3158000.0 1615.124656 5.100563663648e-06 
-63.0 6300000.0 12407857.381161 0.07816950150131431 
-63.0 5704000.0 478294.186695 0.00272819004090828 
-63.0 7805000.0 5979909.245298 0.046673191659550896 
-63.0 7154000.0 973631.18022 0.006965357463293881 
-63.0 6411000.0 20440.231706 0.000131042325467166 
-63.0 7127000.0 180307.183813 0.0012850492990352511 
-63.0 8607000.0 102445123.914155 0.8817451815291322 
-63.0 5659000.0 85731.897528 0.00048515680811095206 
-63.0 4748000.0 20841.415546 9.895504101240802e-05 
-63.0 11299000.0 977351438.658581 11.043093905403307 
-63.0 8092000.0 142381549.143783 1.1521514956714922 
-60.0 7850000.0 150985.388824 0.0011852353022684002 
-60.0 7482000.0 13942.193454 0.000104315491422828 
-60.0 4362000.0 29577.126814 0.00012901542716266801 
-60.0 3816000.0 689911.597857 0.0026327026574223117 
-60.0 7181000.0 80169372.933812 0.575696267037704 
-60.0 6834000.0 7481908.301728 0.051131361334009154 
-60.0 6349000.0 17196568.462622 0.10918101316918709 
-60.0 4783000.0 86244.352152 0.00041250673634301606 
-60.0 4305000.0 5195.623127 2.2367157561735002e-05 
-60.0 3767000.0 2521.402145 9.498121880215e-06 
-60.0 6922000.0 575987.287009 0.003986984000676298 
-60.0 13044000.0 14938097.56266 0.19485254460733706 
-60.0 5140000.0 6938.785251 3.566535619014e-05 
-60.0 8953000.0 4401484.670428 0.03940649225434189 
-60.0 7507000.0 7127905.482845 0.05350918645971742 
-60.0 8342000.0 2413658.9352 0.020134742837438404 
-60.0 6114000.0 26085.219174 0.00015948503002983602 
-60.0 7152000.0 16391599.376476 0.11723271874055637 
-60.0 5127000.0 36545.308539 0.000187367796879453 
-60.0 7619000.0 431677.256261 0.003288949015452559 
-57.0 5753000.0 20085.794829 0.000115553577651237 
-57.0 9918000.0 7567856.339811 0.07505799917824552 
-57.0 12667000.0 131190544.117458 1.6617906223358405 
-57.0 4669000.0 8908.258257 4.1592657801933e-05 
-57.0 9022000.0 22514845.706365 0.20312893796282505 
-57.0 2136000.0 250.514331 5.35098611016e-07 
-57.0 3579000.0 6031.822765 2.1587893675935e-05 
-57.0 8118000.0 18910874.401242 0.15351847838928256 
-57.0 6712000.0 1717.26633 1.152629160696e-05 
-57.0 7628000.0 16752643.517207 0.127789164749255 
-57.0 6573000.0 13285.189644 8.7323551530012e-05 
-57.0 7601000.0 250195.381796 0.0019017350970313963 
-57.0 5020000.0 7341.47499 3.68542044498e-05 
-57.0 6684000.0 2260.492323 1.5109130686932e-05 
-57.0 6508000.0 504225.509107 0.0032814996132683565 
-57.0 10628000.0 1936786862.972742 20.584170779674306 
-57.0 3568000.0 3185.418134 1.1365571902112e-05 
-57.0 3905000.0 636.342599 2.484917849095e-06 
-57.0 5673000.0 1453.932163 8.248157160699e-06 
-57.0 7458000.0 1081864.732896 0.00806854717793837 
-54.0 3762000.0 12399.711073 4.6647713056626e-05 
-54.0 11643000.0 3795053257.702641 44.18580507943185 
-54.0 8226000.0 8557228.309149 0.07039176007105968 
-54.0 5680000.0 19532.073152 0.00011094217550336001 
-54.0 6103000.0 17619.834936 0.00010753385261440799 
-54.0 6730000.0 215033.917472 0.00144717826458656 
-54.0 9269000.0 32898745.680011 0.30493847370802196 
-54.0 5645000.0 121069.935514 0.00068343978597653 
-54.0 3310000.0 424.719376 1.4058211345600001e-06 
-54.0 3053000.0 144.274262 4.40469321886e-07 
-54.0 2686000.0 112.97664 3.0345525504e-07 
-54.0 4483000.0 3036.295828 1.3611714196924e-05 
-54.0 5410000.0 195795.277263 0.00105925244999283 
-54.0 6346000.0 1709038.197288 0.010845556399989648 
-54.0 2696000.0 107.935387 2.90993803352e-07 
-54.0 5844000.0 142296.859075 0.0008315828444342999 
-54.0 16625000.0 507180.253131 0.008431871708302875 
-54.0 2744000.0 106.512333 2.92269841752e-07 
-54.0 5618000.0 7669.197253 4.3085550167354e-05 
-54.0 6244000.0 1421780.263587 0.008877595965837228 
-51.0 5030000.0 606277.713674 0.00304957689978022 
-51.0 3627000.0 10226.871121 3.7092861555867e-05 
-51.0 12078000.0 3696277.312131 0.04464363737591822 
-51.0 7710000.0 812337.286372 0.00626312047792812 
-51.0 5491000.0 65411.714532 0.000359175724495212 
-51.0 5700000.0 244157.779868 0.0013916993452476002 
-51.0 3009000.0 213.103857 6.41229505713e-07 
-51.0 2956000.0 1959.400401 5.791987585356e-06 
-51.0 7209000.0 194171.71644 0.00139978390381596 
-51.0 5336000.0 11908.388598 6.3543161558928e-05 
-51.0 7352000.0 4288479.757965 0.03152890318055868 
-51.0 6819000.0 126435.841516 0.0008621660032976041 
-51.0 7804000.0 81695.987853 0.000637555489204812 
-51.0 13472000.0 109540792277.36868 1475.733553560711 
-51.0 14582000.0 5862994.249512 0.08549418214638399 
-51.0 10674000.0 79077928721.68924 844.0778111753109 
-51.0 19546000.0 42784771739.76936 836.271148425532 
-51.0 4208000.0 662.14692 2.7863142393600004e-06 
-51.0 5439000.0 1201.583688 6.535413679032e-06 
-51.0 7620000.0 12375010.968754 0.09429758358190549 
-48.0 5058000.0 3159952.668568 0.015983040597616946 
-48.0 3727000.0 540.034457 2.012708421239e-06 
-48.0 16605000.0 500311635.9112 8.307674714305477 
-48.0 5821000.0 89984.722545 0.000523801069934445 
-48.0 7323000.0 11846.924845 8.6755030639935e-05 
-48.0 6700000.0 40387.332389 0.00027059512700630006 
-48.0 6194000.0 2164344.131613 0.013405947551210922 
-48.0 5925000.0 69659.015179 0.000412729664935575 
-48.0 4739000.0 825.579144 3.912419563416001e-06 
-48.0 4814000.0 84499.813584 0.000406782102593376 
-48.0 5815000.0 168621.143266 0.00098053194809179 
-48.0 14087000.0 280954123.01414 3.9578007309001904 
-48.0 9417000.0 47908.855353 0.00045115769085920105 
-48.0 7342000.0 327491.177193 0.002404440222951006 
-48.0 10074000.0 13102941.483245 0.13199903250221015 
-48.0 7154000.0 2509010.163309 0.017949458708312587 
-48.0 9569000.0 2272444.767951 0.02174502398452312 
-48.0 4297000.0 403373.184816 0.0017332945751543521 
-48.0 5205000.0 120255.863511 0.000625931769574755 
-48.0 9639000.0 225459725.599837 2.173206295056829 
-45.0 9224000.0 18617891.807959 0.17173143403661384 
-45.0 16527000.0 44173948493.50068 730.0628467520858 
-45.0 5755000.0 20643.24374 0.00011880186772370001 
-45.0 5300000.0 3674820.321701 0.0194765477050153 
-45.0 5447000.0 663636.460018 0.0036148277977180463 
-45.0 7553000.0 19227.518997 0.00014522545098434098 
-45.0 6358000.0 281422.188665 0.0017892822755320704 
-45.0 6032000.0 3634860.621574 0.021925479269334372 
-45.0 7933000.0 1340008.676504 0.010630288830706233 
-45.0 6591000.0 43386.009751 0.00028595719026884103 
-45.0 4823000.0 5739.333476 2.7680805354748e-05 
-45.0 8081000.0 67916.36152 0.0005488321174431202 
-45.0 4586000.0 8023.543014 3.6795968262204006e-05 
-45.0 6599000.0 289087.337518 0.0019076873402812822 
-45.0 8800000.0 306601.346256 0.0026980918470528004 
-45.0 7480000.0 23519.651124 0.00017592699040752 
-45.0 8124000.0 41913.069505 0.00034050177665862 
-45.0 9772000.0 1205928.890034 0.011784337113412249 
-45.0 10260000.0 270282786.996783 2.773101394586994 
-45.0 10172000.0 112170.862125 0.0011410020095355 
-42.0 5451000.0 1213.244564 6.613396118364001e-06 
-42.0 14829000.0 3721349.317712 0.055183889032351253 
-42.0 6405000.0 1044608.000368 0.00669071424235704 
-42.0 7338000.0 15417445.414673 0.11313321445287049 
-42.0 3282000.0 1125.373153 3.6934746881460005e-06 
-42.0 3404000.0 3625.748208 1.2342046900032001e-05 
-42.0 5532000.0 46941.571824 0.00025968077533036803 
-42.0 8127000.0 172111.715779 0.0013987519141359331 
-42.0 5850000.0 23110.056553 0.00013519383083505 
-42.0 4660000.0 114538.560166 0.00053374969037356 
-42.0 10288000.0 65484915.037066 0.6737088059013351 
-42.0 8662000.0 93719.16831 0.00081179543590122 
-42.0 8406000.0 66365.40822 0.0005578676214973201 
-42.0 10582000.0 36159.659031 0.00038264151186604204 
-42.0 6352000.0 91358.953634 0.000580312073483168 
-42.0 8644000.0 830883.608127 0.00718215790864979 
-42.0 9467000.0 221253.52552 0.00209460712609784 
-42.0 4585000.0 1004.334006 4.604871417510001e-06 
-42.0 9202000.0 2492147.545509 0.022932741713773817 
-42.0 5283000.0 6852.699191 3.6202809826053e-05 
-39.0 3443000.0 2295.038391 7.901817180213001e-06 
-39.0 5471000.0 7445.863515 4.073631929056501e-05 
-39.0 8623000.0 194668.539672 0.0016786268175916562 
-39.0 13935000.0 960239021.084694 13.38093075881521 
-39.0 5642000.0 823473.069548 0.004646035058389816 
-39.0 11402000.0 2154224723.266855 24.56247029468868 
-39.0 5732000.0 1313.481905 7.528878279460001e-06 
-39.0 10047000.0 8037427.00652 0.08075202913450645 
-39.0 6021000.0 7461.916773 4.4928200890233004e-05 
-39.0 13405000.0 105764938.050934 1.4177789945727706 
-39.0 7581000.0 82122.081617 0.000622567500738477 
-39.0 12697000.0 8675093.521885 0.11014766244737385 
-39.0 6835000.0 135059808.820518 0.9231337932882405 
-39.0 8094000.0 159956.01027 0.0012946839471253801 
-39.0 12874000.0 11831631.05504 0.152320418202585 
-39.0 14324000.0 110042636.991302 1.57625073226341 
-39.0 13545000.0 4260765809.185293 57.712072885414806 
-39.0 7239000.0 558329.217778 0.0040417452074949425 
-39.0 9147000.0 63341.42993 0.00057938405956971 
-39.0 5000000.0 17580.435376 8.790217688000001e-05 
-36.0 10104000.0 1768089.49998 0.01786477630779792 
-36.0 7972000.0 21691.987743 0.00017292852628719601 
-36.0 6261000.0 161497.832541 0.001011137929539201 
-36.0 14753000.0 495053192.80453 7.303519753445232 
-36.0 4306000.0 867.962911 3.7374482947660003e-06 
-36.0 5305000.0 438.350747 2.325450712835e-06 
-36.0 7209000.0 156012.290874 0.001124692604910666 
-36.0 6204000.0 3465699.440629 0.021501199329662317 
-36.0 7054000.0 610410.708256 0.004305837136037824 
-36.0 5350000.0 26228.824017 0.00014032420849095 
-36.0 4554000.0 60047.149226 0.000273454717575204 
-36.0 10268000.0 570864.571993 0.005861637425224124 
-36.0 6813000.0 2511820.017942 0.01711302978223885 
-36.0 19355000.0 76945689396.1803 1489.2838182630696 
-36.0 2944000.0 3238.940621 9.535441188224001e-06 
-36.0 8406000.0 196998.041091 0.0016559655334109462 
-36.0 12336000.0 23800526252.253857 293.6032918478036 
-36.0 11752000.0 157103599.216909 1.8462814979971147 
-36.0 5146000.0 5531.692995 2.846609215227e-05 
-36.0 7418000.0 1424442.296747 0.010566512957269247 
-33.0 5311000.0 1129.920804 6.001009390044001e-06 
-33.0 13598000.0 177836701.605227 2.4182234684278767 
-33.0 3825000.0 1324.249558 5.06525455935e-06 
-33.0 6758000.0 6430950.50442 0.043460363508870364 
-33.0 9634000.0 31442.023026 0.000302912449832484 
-33.0 4958000.0 66527.048721 0.00032984110755871805 
-33.0 6264000.0 28510.912905 0.00017859235843692002 
-33.0 9794000.0 22223105.780807 0.2176530980172238 
-33.0 8547000.0 708726.490748 0.006057485316423156 
-33.0 6676000.0 20778718.478557 0.13871872456284656 
-33.0 7435000.0 286224.773158 0.0021280811884297306 
-33.0 12150000.0 868947058.485397 10.557706760597574 
-33.0 11857000.0 459598938.378002 5.44946461234797 
-33.0 14375000.0 294546192.894564 4.2341015228593575 
-33.0 5722000.0 32138.932291 0.00018389897056910202 
-33.0 17839000.0 18711991.709427 0.3338032201044683 
-33.0 3942000.0 2988.937485 1.1782391565870001e-05 
-33.0 5514000.0 5620.888325 3.099357822405e-05 
-33.0 5679000.0 26609.441929 0.00015111502071479103 
-33.0 6992000.0 106626.719958 0.0007455340259463361 
-30.0 8693000.0 1209999.316928 0.010518524062055104 
-30.0 5585000.0 1331158.519614 0.007434520332044191 
-30.0 8539000.0 13095649.347593 0.11182374977909665 
-30.0 5514000.0 756252.892552 0.004169978449531728 
-30.0 4773000.0 2154427.939207 0.010283084553835012 
-30.0 6356000.0 85648.829416 0.000544383959768096 
-30.0 4995000.0 181558.607041 0.0009068852421697951 
-30.0 4851000.0 438.812028 2.1286771478280004e-06 
-30.0 5871000.0 768.69393 4.51300206303e-06 
-30.0 14214000.0 6122570617.106495 87.02621875155172 
-30.0 7522000.0 9074246.661293 0.06825648338624596 
-30.0 6053000.0 40403.255733 0.000244560906951849 
-30.0 5776000.0 1271051.573838 0.007341593890488289 
-30.0 11725000.0 32596683.598856 0.3821961151965866 
-30.0 8307000.0 22126.128769 0.00018380175168408302 
-30.0 12410000.0 1168895.563754 0.014505993946187143 
-30.0 5738000.0 14670.77409 8.418090172842001e-05 
-30.0 9596000.0 129754.172355 0.00124512103791858 
-30.0 13315000.0 5869775475.611661 78.15606045776927 
-30.0 4231000.0 6486.535874 2.7444533282894e-05 
-27.0 6077000.0 21461.153183 0.000130419427893091 
-27.0 7083000.0 2242.338789 1.5882485642487e-05 
-27.0 4970000.0 1101.972469 5.47680317093e-06 
-27.0 5310000.0 51544.16754 0.00027369952963740004 
-27.0 5567000.0 4207.301409 2.3422046943903e-05 
-27.0 4228000.0 3931.194539 1.6621090510892003e-05 
-27.0 12873000.0 96813016.758428 1.2462739647312437 
-27.0 7937000.0 132664.117744 0.0010529551025341278 
-27.0 5373000.0 6938.449746 3.7280290485258e-05 
-27.0 11262000.0 1091239683.249605 12.28954131275705 
-27.0 9974000.0 711262.488717 0.007094132062463359 
-27.0 9342000.0 69922.790015 0.0006532187043201301 
-27.0 9977000.0 3583683.079236 0.03575440608153757 
-27.0 6038000.0 4901782.856269 0.029596964886152228 
-27.0 4610000.0 4296.69995 1.9807786769500002e-05 
-27.0 6365000.0 5489540.431105 0.034940924843983326 
-27.0 10412000.0 37760060.740285 0.39315775242784745 
-27.0 10620000.0 978384302.523744 10.390441292802162 
-27.0 8930000.0 664875.963884 0.00593734235748412 
-27.0 4985000.0 369472.607667 0.001841820949219995 
-24.0 17511000.0 38179467819.03289 668.560660979085 
-24.0 7055000.0 624121.323345 0.004403175936198976 
-24.0 19452000.0 125148373613.87778 2434.386163537151 
-24.0 7165000.0 54200.639851 0.000388347584532415 
-24.0 14698000.0 89180245.372868 1.310771246490414 
-24.0 12141000.0 686662.240503 0.008336766261946923 
-24.0 9412000.0 13608.640007 0.00012808451974588402 
-24.0 6436000.0 22891.768737 0.000147331423591332 
-24.0 8324000.0 1330516.613401 0.011075220289949924 
-24.0 6298000.0 239192.534408 0.0015064345817015841 
-24.0 11341000.0 31869286.36822 0.36142957670198306 
-24.0 6095000.0 1371.417203 8.358787852285e-06 
-24.0 4762000.0 94552.899912 0.00045026090938094404 
-24.0 7533000.0 106710029.109615 0.8038466492827299 
-24.0 12518000.0 1885219.623603 0.023599179248262356 
-24.0 2408000.0 522.951789 1.259267907912e-06 
-24.0 11440000.0 236239.608928 0.00270258112613632 
-24.0 5327000.0 1033.652906 5.506269030262001e-06 
-24.0 8620000.0 63442.562372 0.00054687488764664 
-24.0 15325000.0 370001487.978644 5.670272803272719 
-21.0 6765000.0 8758.648522 5.925225725133e-05 
-21.0 4771000.0 1008.408644 4.811117640524e-06 
-21.0 6337000.0 498010.663454 0.0031558935743079986 
-21.0 5360000.0 783.364976 4.19883627136e-06 
-21.0 10128000.0 7941814.94888 0.08043470180225665 
-21.0 8559000.0 289180.871186 0.002475099076480974 
-21.0 8090000.0 1237306.140174 0.01000980667400766 
-21.0 6398000.0 19657.82566 0.00012577076857268 
-21.0 6366000.0 356030.061247 0.002266487369898402 
-21.0 10704000.0 204404.038042 0.0021879408232015683 
-21.0 12707000.0 3111024.368652 0.039531786652460967 
-21.0 4695000.0 15422.122126 7.240686338157e-05 
-21.0 3557000.0 421.30412 1.4985787548400002e-06 
-21.0 5591000.0 49977.460134 0.000279423979609194 
-21.0 11696000.0 263999.007478 0.0030877323914626884 
-21.0 9626000.0 102749.297277 0.0009890647355884023 
-21.0 7815000.0 229198.296896 0.0017911846902422402 
-21.0 12233000.0 1725748.908167 0.021111086393606912 
-21.0 8417000.0 562617.542506 0.004735551855273003 
-21.0 5258000.0 161814.636701 0.0008508213597738581 
-18.0 7884000.0 159498.098584 0.001257483009236256 
-18.0 9689000.0 243510.271046 0.002359371016164694 
-18.0 7457000.0 1573014.821164 0.01172997152141995 
-18.0 7679000.0 439633.006789 0.0033759418591327315 
-18.0 9099000.0 131047.731423 0.001192403308217877 
-18.0 12759000.0 1844025865.797265 23.527926021707305 
-18.0 8263000.0 240663.698252 0.0019886041386562763 
-18.0 9291000.0 219477.897017 0.002039169141184947 
-18.0 11376000.0 58590499.029589 0.6665255169606045 
-18.0 10796000.0 775385477.879878 8.371061619191165 
-18.0 8330000.0 152705.343145 0.00127203550839785 
-18.0 8494000.0 10801.142671 9.174490584747401e-05 
-18.0 11040000.0 12903378.988975 0.14245330403828402 
-18.0 17676000.0 25694644.197466 0.45417853083440907 
-18.0 10292000.0 82916635.822648 0.8533780158866933 
-18.0 7378000.0 3206137.39232 0.023654881680536963 
-18.0 13843000.0 62990838.996909 0.8719821842342113 
-18.0 12078000.0 1215594.38362 0.01468194896536236 
-18.0 7306000.0 151268.031583 0.001105164238745398 
-18.0 8039000.0 9147149.285126 0.07353393310312792 
-15.0 9242000.0 3980688.593989 0.03678952398564635 
-15.0 7215000.0 2575630.104007 0.018583171200410507 
-15.0 9411000.0 53369.495552 0.000502260322639872 
-15.0 6705000.0 1519193.204309 0.010186190434891844 
-15.0 8768000.0 35160.679341 0.0003082888364618881 
-15.0 9738000.0 573947.668883 0.005589102399582655 
-15.0 17440000.0 113897094.774655 1.9863653328699835 
-15.0 7262000.0 21704.053196 0.00015761483430935203 
-15.0 6052000.0 79044.61207 0.00047837799224764005 
-15.0 5866000.0 345565.471196 0.002027087054035736 
-15.0 10437000.0 78894.099136 0.0008234177126824322 
-15.0 11350000.0 2465125.738359 0.027979177130374653 
-15.0 8809000.0 20783.251485 0.00018307966233136505 
-15.0 7286000.0 7533178.337557 0.054886737367440305 
-15.0 8296000.0 382198.62442 0.00317071978818832 
-15.0 10604000.0 3590531.66558 0.038073997781810316 
-15.0 14869000.0 368334008.526613 5.476758372782209 
-15.0 11795000.0 132793.780011 0.001566302635229745 
-15.0 13518000.0 1791738.139802 0.024220716173843436 
-15.0 17287000.0 337990181.005572 5.842836259043324 
-12.0 5830000.0 11775.816105 6.865300789215001e-05 
-12.0 8254000.0 158436.846347 0.0013077377297481382 
-12.0 12005000.0 537404.061154 0.00645153575415377 
-12.0 11158000.0 5182689.984871 0.057828454851190626 
-12.0 7135000.0 21006.362642 0.00014988039745067003 
-12.0 6404000.0 2250287.754466 0.014410842779600265 
-12.0 5555000.0 4755.510319 2.6416859822045003e-05 
-12.0 11625000.0 322329.667544 0.003747082385199001 
-12.0 10121000.0 32538.171739 0.00032931883617041903 
-12.0 13791000.0 73547621.246915 1.0142952446162048 
-12.0 11320000.0 361583.666116 0.00409312710043312 
-12.0 10206000.0 2717297.692841 0.027732740253135248 
-12.0 5356000.0 12881.791653 6.8994876093468e-05 
-12.0 9938000.0 331821300.741182 3.2976400867658673 
-12.0 9804000.0 1690065.501091 0.016569402172696167 
-12.0 13580000.0 666089474.275102 9.045495060655886 
-12.0 11395000.0 1364411.181186 0.015547465409614469 
-12.0 6555000.0 263912.430818 0.00172994598401199 
-12.0 5354000.0 93411.865303 0.000500127126832262 
-12.0 4387000.0 8121.094272 3.562724057126401e-05 
-9.0 4320000.0 771.435036 3.33259935552e-06 
-9.0 10796000.0 675270.973082 0.0072902254253932736 
-9.0 12569000.0 167123979.984585 2.100581304426249 
-9.0 9465000.0 153475.276846 0.00145264349534739 
-9.0 17600000.0 4193254819.660765 73.80128482602947 
-9.0 14250000.0 532786.970117 0.007592214324167252 
-9.0 10068000.0 134320195.851543 1.352335731833335 
-9.0 16738000.0 1039033538.126234 17.391343361156906 
-9.0 11614000.0 4205249.989969 0.04883977338349997 
-9.0 6972000.0 404058.964856 0.0028170991029760318 
-9.0 13506000.0 4063049749.903932 54.87554992220251 
-9.0 14074000.0 3172573.532994 0.04465079990335755 
-9.0 8695000.0 96178336.987414 0.8362706401055648 
-9.0 20000000.0 10612851267.469969 212.25702534939938 
-9.0 3972000.0 4947.516611 1.9651535978891998e-05 
-9.0 10431000.0 38295159.130439 0.3994568048896092 
-9.0 11904000.0 218688286.724133 2.6032653651640794 
-9.0 8649000.0 367273.188834 0.003176545810225266 
-9.0 12514000.0 117544.423391 0.0014709509143149742 
-9.0 5739000.0 3022.052429 1.7343558890031e-05 
-6.0 6777000.0 18922.630727 0.000128238668436879 
-6.0 10635000.0 337431.999365 0.003588589313246775 
-6.0 10476000.0 232370.564962 0.002434314038541912 
-6.0 9906000.0 219760.618239 0.0021769486842755344 
-6.0 4085000.0 2357.341482 9.629739953970002e-06 
-6.0 10439000.0 79822.445901 0.000833266512760539 
-6.0 11366000.0 1907938.67247 0.021685630951294024 
-6.0 14364000.0 17601854.648724 0.25283304017427155 
-6.0 7773000.0 34601.387752 0.00026895658699629607 
-6.0 6348000.0 4603.077955 2.9220338858340003e-05 
-6.0 14582000.0 499276.612643 0.0072804515655602265 
-6.0 8266000.0 179591.112309 0.001484500134346194 
-6.0 12548000.0 135965444.721124 1.706094400360664 
-6.0 7695000.0 8289.449094 6.378731077833e-05 
-6.0 14313000.0 16569645038.091185 237.16132943019915 
-6.0 9362000.0 54494460.374756 0.5101771380284658 
-6.0 8072000.0 2345988.670532 0.018936820548534305 
-6.0 8887000.0 800731.983782 0.007116105139870634 
-6.0 11305000.0 59726506.358349 0.6752081543811356 
-6.0 11640000.0 17033719.883332 0.19827249944198447 
-3.0 6910000.0 751717.704752 0.0051943693398363204 
-3.0 10702000.0 896242.728072 0.009591589675826543 
-3.0 16693000.0 4532822670.089989 75.66640883181219 
-3.0 10138000.0 3922302.052638 0.03976429820964405 
-3.0 15278000.0 44463784.036111 0.6793176925037038 
-3.0 16334000.0 137392.049802 0.0022441617414658685 
-3.0 8623000.0 31760.98263 0.00027387495321849 
-3.0 17206000.0 1637375016.934434 28.172674541373873 
-3.0 18833000.0 102969448.296746 1.9392236197726176 
-3.0 8496000.0 176941.950653 0.0015032988127478882 
-3.0 14659000.0 3509794.379452 0.05145007580838687 
-3.0 7964000.0 3924128.132842 0.03125175644995369 
-3.0 12472000.0 916528.77117 0.01143094683403224 
-3.0 6148000.0 55984.627268 0.000344193488443664 
-3.0 11023000.0 2168509566.345585 23.903480949827383 
-3.0 7609000.0 124835.268846 0.0009498715606492141 
-3.0 9124000.0 29198.254916 0.0002664048778535841 
-3.0 18162000.0 214536782.590634 3.8964170454110945 
-3.0 6438000.0 83455.008035 0.0005372833417293301 
-3.0 9087000.0 3745667.626097 0.034036881718343445 
0.0 13824000.0 1417676.523894 0.01959796026631066 
0.0 9701000.0 178180.790823 0.001728531851773923 
0.0 13785000.0 3007898793.314354 41.463884865838374 
0.0 10726000.0 11349689.185954 0.12173676620854262 
0.0 5796000.0 136972.01267 0.00079388978543532 
0.0 14244000.0 1999109621.000545 28.475317441531768 
0.0 9922000.0 528110.795287 0.005239915310837615 
0.0 17574000.0 96802362.257592 1.7012047143149218 
0.0 19764000.0 33622424.713905 0.6645136020456184 
0.0 10379000.0 106679.186768 0.0011072232794650722 
0.0 15738000.0 2152241.930473 0.033871983501784074 
0.0 15478000.0 4329388.770568 0.06701027939085151 
0.0 8476000.0 169520.27842 0.00143685387988792 
0.0 9675000.0 14009.483562 0.00013554175346235 
0.0 16392000.0 82331658.450225 1.3495805453160883 
0.0 9548000.0 61881.236118 0.0005908420424546641 
0.0 4431000.0 38420.446567 0.000170240998738377 
0.0 10907000.0 1534609.759886 0.016737988651076605 
0.0 9891000.0 1185046.378946 0.011721293734154887 
0.0 14896000.0 7007769.916516 0.10438774067642236 
