#! FIELDS d1.y projection
#! SET min_d1.y -5.0
#! SET max_d1.y 12.0
#! SET nbins_d1.y  301
#! SET periodic_d1.y false
   -5.000000000   38.939539792
   -4.943333333   38.908463253
   -4.886666667   38.867672619
   -4.830000000   38.811984910
   -4.773333333   38.734287416
   -4.716666667   38.624777390
   -4.660000000   38.470762891
   -4.603333333   38.255325340
   -4.546666667   37.957134489
   -4.490000000   37.553248553
   -4.433333333   37.026133420
   -4.376666667   36.371938609
   -4.320000000   35.608463071
   -4.263333333   34.773511609
   -4.206666667   33.910267422
   -4.150000000   33.053930230
   -4.093333333   32.227421532
   -4.036666667   31.442435796
   -3.980000000   30.702685012
   -3.923333333   30.001856484
   -3.866666667   29.328660853
   -3.810000000   28.669220877
   -3.753333333   28.007613441
   -3.696666667   27.327394100
   -3.640000000   26.620362049
   -3.583333333   25.897946193
   -3.526666667   25.192886649
   -3.470000000   24.543727179
   -3.413333333   23.964928301
   -3.356666667   23.443225880
   -3.300000000   22.948332084
   -3.243333333   22.452817769
   -3.186666667   21.947956930
   -3.130000000   21.430712550
   -3.073333333   20.907332499
   -3.016666667   20.389787117
   -2.960000000   19.892446660
   -2.903333333   19.423842907
   -2.846666667   18.987040504
   -2.790000000   18.574663269
   -2.733333333   18.176443328
   -2.676666667   17.781997073
   -2.620000000   17.378343014
   -2.563333333   16.960590942
   -2.506666667   16.540539690
   -2.450000000   16.136547234
   -2.393333333   15.767482122
   -2.336666667   15.435163413
   -2.280000000   15.127199093
   -2.223333333   14.830310092
   -2.166666667   14.541476541
   -2.110000000   14.259915399
   -2.053333333   13.989937041
   -1.996666667   13.735230370
   -1.940000000   13.498162967
   -1.883333333   13.276920008
   -1.826666667   13.063829863
   -1.770000000   12.852351583
   -1.713333333   12.636226405
   -1.656666667   12.417021180
   -1.600000000   12.200346754
   -1.543333333   12.002416880
   -1.486666667   11.839843366
   -1.430000000   11.721936677
   -1.373333333   11.649843019
   -1.316666667   11.614614743
   -1.260000000   11.595041351
   -1.203333333   11.572109448
   -1.146666667   11.529066830
   -1.090000000   11.462271157
   -1.033333333   11.379201837
   -0.976666667   11.296940031
   -0.920000000   11.235246342
   -0.863333333   11.209622246
   -0.806666667   11.224540267
   -0.750000000   11.269896944
   -0.693333333   11.328798365
   -0.636666667   11.394801853
   -0.580000000   11.470805322
   -0.523333333   11.566589554
   -0.466666667   11.691555518
   -0.410000000   11.850555003
   -0.353333333   12.041006580
   -0.296666667   12.253985429
   -0.240000000   12.474393134
   -0.183333333   12.689490893
   -0.126666667   12.890789064
   -0.070000000   13.089812116
   -0.013333333   13.306153171
    0.043333333   13.566854244
    0.100000000   13.884123792
    0.156666667   14.254698160
    0.213333333   14.656615234
    0.270000000   15.063448640
    0.326666667   15.445739297
    0.383333333   15.790255283
    0.440000000   16.096019399
    0.496666667   16.377313852
    0.553333333   16.658318303
    0.610000000   16.967829443
    0.666666667   17.325514946
    0.723333333   17.740949908
    0.780000000   18.203760013
    0.836666667   18.694655904
    0.893333333   19.186118792
    0.950000000   19.660993335
    1.006666667   20.116867970
    1.063333333   20.567142046
    1.120000000   21.044199753
    1.176666667   21.578569462
    1.233333333   22.187279650
    1.290000000   22.862231823
    1.346666667   23.576716294
    1.403333333   24.294273110
    1.460000000   24.987237338
    1.516666667   25.636226597
    1.573333333   26.244029492
    1.630000000   26.828290860
    1.686666667   27.413962431
    1.743333333   28.021613112
    1.800000000   28.654325663
    1.856666667   29.298029859
    1.913333333   29.914467252
    1.970000000   30.462439621
    2.026666667   30.908392876
    2.083333333   31.253759174
    2.140000000   31.516045202
    2.196666667   31.717307263
    2.253333333   31.867694547
    2.310000000   31.968122091
    2.366666667   32.016612965
    2.423333333   32.016844912
    2.480000000   31.975603897
    2.536666667   31.895125276
    2.593333333   31.768544536
    2.650000000   31.589465097
    2.706666667   31.359791333
    2.763333333   31.099239455
    2.820000000   30.834545034
    2.876666667   30.582291608
    2.933333333   30.347353890
    2.990000000   30.122502422
    3.046666667   29.895206356
    3.103333333   29.655871257
    3.160000000   29.408199495
    3.216666667   29.161413546
    3.273333333   28.921688090
    3.330000000   28.686225955
    3.386666667   28.438841760
    3.443333333   28.160882901
    3.500000000   27.834019762
    3.556666667   27.450504663
    3.613333333   27.013411534
    3.670000000   26.542236348
    3.726666667   26.067377601
    3.783333333   25.618191088
    3.840000000   25.217924648
    3.896666667   24.875599957
    3.953333333   24.584325149
    4.010000000   24.326484782
    4.066666667   24.077094079
    4.123333333   23.819567055
    4.180000000   23.542814828
    4.236666667   23.234966719
    4.293333333   22.886012062
    4.350000000   22.492022325
    4.406666667   22.060019562
    4.463333333   21.603259655
    4.520000000   21.134089282
    4.576666667   20.659200386
    4.633333333   20.180685775
    4.690000000   19.702255140
    4.746666667   19.224520159
    4.803333333   18.744847849
    4.860000000   18.262905854
    4.916666667   17.785273065
    4.973333333   17.318561421
    5.030000000   16.868126805
    5.086666667   16.430714944
    5.143333333   16.003117451
    5.200000000   15.578634657
    5.256666667   15.152191847
    5.313333333   14.717593171
    5.370000000   14.269636059
    5.426666667   13.806948112
    5.483333333   13.330530744
    5.540000000   12.842630282
    5.596666667   12.350105178
    5.653333333   11.868221730
    5.710000000   11.407703762
    5.766666667   10.976283223
    5.823333333   10.565532914
    5.880000000   10.162475651
    5.936666667    9.751643455
    5.993333333    9.328029333
    6.050000000    8.895850080
    6.106666667    8.461500138
    6.163333333    8.030628222
    6.220000000    7.601425366
    6.276666667    7.167978236
    6.333333333    6.730802696
    6.390000000    6.295346715
    6.446666667    5.871397985
    6.503333333    5.468789867
    6.560000000    5.086960609
    6.616666667    4.718705786
    6.673333333    4.357382958
    6.730000000    4.000580846
    6.786666667    3.650296073
    6.843333333    3.315235050
    6.900000000    2.996358983
    6.956666667    2.692296320
    7.013333333    2.395667875
    7.070000000    2.100105065
    7.126666667    1.805395181
    7.183333333    1.521169489
    7.240000000    1.260895080
    7.296666667    1.033688533
    7.353333333    0.842268529
    7.410000000    0.681953840
    7.466666667    0.543139776
    7.523333333    0.415606801
    7.580000000    0.295783891
    7.636666667    0.186330184
    7.693333333    0.094650045
    7.750000000    0.031677197
    7.806666667    0.000784670
    7.863333333    0.000000000
    7.920000000    0.020466994
    7.976666667    0.049307879
    8.033333333    0.079950460
    8.090000000    0.114456050
    8.146666667    0.166795672
    8.203333333    0.254309009
    8.260000000    0.384975710
    8.316666667    0.556613643
    8.373333333    0.757655804
    8.430000000    0.976641220
    8.486666667    1.212951246
    8.543333333    1.477001892
    8.600000000    1.780545251
    8.656666667    2.129358632
    8.713333333    2.516213030
    8.770000000    2.933558305
    8.826666667    3.376443099
    8.883333333    3.845001479
    8.940000000    4.348344103
    8.996666667    4.894746376
    9.053333333    5.490412768
    9.110000000    6.133366514
    9.166666667    6.820467790
    9.223333333    7.544596354
    9.280000000    8.298957283
    9.336666667    9.082331674
    9.393333333    9.898899382
    9.450000000   10.762412136
    9.506666667   11.680261740
    9.563333333   12.650751467
    9.620000000   13.668707240
    9.676666667   14.725947633
    9.733333333   15.825359405
    9.790000000   16.976505795
    9.846666667   18.187011107
    9.903333333   19.462292169
    9.960000000   20.802594639
   10.016666667   22.201641696
   10.073333333   23.656179039
   10.130000000   25.160602534
   10.186666667   26.712687098
   10.243333333   28.315256542
   10.300000000   29.970731866
   10.356666667   31.664920316
   10.413333333   33.346043132
   10.470000000   34.915683279
   10.526666667   36.253157045
   10.583333333   37.273355842
   10.640000000   37.970984528
   10.696666667   38.411427040
   10.753333333   38.677074975
   10.810000000   38.833741290
   10.866666667   38.924887127
   10.923333333   38.977187442
   10.980000000   39.006528923
   11.036666667   39.022394299
   11.093333333   39.030762815
   11.150000000   39.034918116
   11.206666667   39.036731459
   11.263333333   39.037629355
   11.320000000   39.037916425
   11.376666667   39.038012490
   11.433333333   39.038071586
   11.490000000   39.038071586
   11.546666667   39.038071586
   11.603333333   39.038071586
   11.660000000   39.038071586
   11.716666667   39.038071586
   11.773333333   39.038071586
   11.830000000   39.038071586
   11.886666667   39.038071586
   11.943333333   39.038071586
   12.000000000   39.038071586
