#! FIELDS d1.y projection
#! SET min_d1.y -5.0
#! SET max_d1.y 12.0
#! SET nbins_d1.y  301
#! SET periodic_d1.y false
   -5.000000000   43.885586196
   -4.943333333   43.885586196
   -4.886666667   43.885586196
   -4.830000000   43.885586196
   -4.773333333   43.885586196
   -4.716666667   43.885586196
   -4.660000000   43.885565717
   -4.603333333   43.885529930
   -4.546666667   43.885443458
   -4.490000000   43.885241475
   -4.433333333   43.884831664
   -4.376666667   43.884044390
   -4.320000000   43.882646807
   -4.263333333   43.880351131
   -4.206666667   43.876823027
   -4.150000000   43.871748289
   -4.093333333   43.864915487
   -4.036666667   43.856334526
   -3.980000000   43.846217657
   -3.923333333   43.834999061
   -3.866666667   43.822960230
   -3.810000000   43.810017250
   -3.753333333   43.795493715
   -3.696666667   43.778020720
   -3.640000000   43.755327732
   -3.583333333   43.724216558
   -3.526666667   43.679935110
   -3.470000000   43.616148416
   -3.413333333   43.525386009
   -3.356666667   43.399921108
   -3.300000000   43.233323976
   -3.243333333   43.021193832
   -3.186666667   42.762693853
   -3.130000000   42.465280905
   -3.073333333   42.147814306
   -3.016666667   41.834224403
   -2.960000000   41.540828278
   -2.903333333   41.267040098
   -2.846666667   40.998903910
   -2.790000000   40.717877294
   -2.733333333   40.412822189
   -2.676666667   40.083295786
   -2.620000000   39.735897715
   -2.563333333   39.376461591
   -2.506666667   39.006156977
   -2.450000000   38.622519005
   -2.393333333   38.225479786
   -2.336666667   37.823663679
   -2.280000000   37.430698648
   -2.223333333   37.066689698
   -2.166666667   36.751523558
   -2.110000000   36.500343856
   -2.053333333   36.311437403
   -1.996666667   36.164053064
   -1.940000000   36.020680205
   -1.883333333   35.846450337
   -1.826666667   35.628818113
   -1.770000000   35.372844461
   -1.713333333   35.094803176
   -1.656666667   34.815135215
   -1.600000000   34.557117756
   -1.543333333   34.336512780
   -1.486666667   34.162028398
   -1.430000000   34.032606714
   -1.373333333   33.943624823
   -1.316666667   33.885302318
   -1.260000000   33.849409667
   -1.203333333   33.831615860
   -1.146666667   33.835850198
   -1.090000000   33.865448990
   -1.033333333   33.917265704
   -0.976666667   33.983522670
   -0.920000000   34.056905646
   -0.863333333   34.129422859
   -0.806666667   34.192308804
   -0.750000000   34.233038640
   -0.693333333   34.232285149
   -0.636666667   34.182182093
   -0.580000000   34.091369241
   -0.523333333   33.995116508
   -0.466666667   33.942999816
   -0.410000000   33.975107959
   -0.353333333   34.101203794
   -0.296666667   34.301869445
   -0.240000000   34.540935637
   -0.183333333   34.779850058
   -0.126666667   34.999014812
   -0.070000000   35.198288158
   -0.013333333   35.404727548
    0.043333333   35.649573651
    0.100000000   35.959709161
    0.156666667   36.340224695
    0.213333333   36.775195852
    0.270000000   37.230525673
    0.326666667   37.665170290
    0.383333333   38.051416547
    0.440000000   38.380206165
    0.496666667   38.664252952
    0.553333333   38.926214935
    0.610000000   39.189234204
    0.666666667   39.478392022
    0.723333333   39.805808811
    0.780000000   40.165909353
    0.836666667   40.537601643
    0.893333333   40.901419117
    0.950000000   41.248145218
    1.006666667   41.582688757
    1.063333333   41.909036216
    1.120000000   42.226114603
    1.176666667   42.525728256
    1.233333333   42.800298800
    1.290000000   43.043665272
    1.346666667   43.251080528
    1.403333333   43.420013516
    1.460000000   43.551974896
    1.516666667   43.651034228
    1.573333333   43.723401658
    1.630000000   43.775237480
    1.686666667   43.811913972
    1.743333333   43.837403267
    1.800000000   43.854900032
    1.856666667   43.866710809
    1.913333333   43.874342036
    1.970000000   43.879207881
    2.026666667   43.882128824
    2.083333333   43.883814398
    2.140000000   43.884759650
    2.196666667   43.885222715
    2.253333333   43.885429109
    2.310000000   43.885523473
    2.366666667   43.885563071
    2.423333333   43.885586196
    2.480000000   43.885586196
    2.536666667   43.885586196
    2.593333333   43.885586196
    2.650000000   43.885586196
    2.706666667   43.885586196
    2.763333333   43.885586196
    2.820000000   43.885586196
    2.876666667   43.885586196
    2.933333333   43.885586196
    2.990000000   43.885586196
    3.046666667   43.885586196
    3.103333333   43.885586196
    3.160000000   43.885586196
    3.216666667   43.885586196
    3.273333333   43.885586196
    3.330000000   43.885572967
    3.386666667   43.885548632
    3.443333333   43.885460728
    3.500000000   43.885218650
    3.556666667   43.884707609
    3.613333333   43.883619610
    3.670000000   43.881463848
    3.726666667   43.877411258
    3.783333333   43.870397812
    3.840000000   43.858966363
    3.896666667   43.841247908
    3.953333333   43.815099483
    4.010000000   43.777763435
    4.066666667   43.725579876
    4.123333333   43.653079391
    4.180000000   43.552313710
    4.236666667   43.412097919
    4.293333333   43.218723728
    4.350000000   42.959159932
    4.406666667   42.626315789
    4.463333333   42.223062352
    4.520000000   41.761956872
    4.576666667   41.258124359
    4.633333333   40.720996496
    4.690000000   40.150906633
    4.746666667   39.541236740
    4.803333333   38.885917498
    4.860000000   38.184040869
    4.916666667   37.441118691
    4.973333333   36.665957623
    5.030000000   35.868311355
    5.086666667   35.057892969
    5.143333333   34.243313946
    5.200000000   33.433941234
    5.256666667   32.636810656
    5.313333333   31.853871159
    5.370000000   31.086127360
    5.426666667   30.329785647
    5.483333333   29.580804253
    5.540000000   28.836134106
    5.596666667   28.092047454
    5.653333333   27.342713556
    5.710000000   26.578750890
    5.766666667   25.795104610
    5.823333333   24.989418231
    5.880000000   24.165187353
    5.936666667   23.328436931
    5.993333333   22.493589823
    6.050000000   21.674464545
    6.106666667   20.883247121
    6.163333333   20.120785764
    6.220000000   19.380582969
    6.276666667   18.653650977
    6.333333333   17.931614298
    6.390000000   17.209332143
    6.446666667   16.489194500
    6.503333333   15.777539402
    6.560000000   15.076849211
    6.616666667   14.388519879
    6.673333333   13.712294686
    6.730000000   13.047380803
    6.786666667   12.392440048
    6.843333333   11.746510318
    6.900000000   11.106385190
    6.956666667   10.468397866
    7.013333333    9.835014516
    7.070000000    9.207642330
    7.126666667    8.591577914
    7.183333333    7.990979660
    7.240000000    7.409313265
    7.296666667    6.847287158
    7.353333333    6.309353140
    7.410000000    5.796077297
    7.466666667    5.305513411
    7.523333333    4.833713067
    7.580000000    4.376689825
    7.636666667    3.932992727
    7.693333333    3.505590913
    7.750000000    3.097356794
    7.806666667    2.711463210
    7.863333333    2.349872636
    7.920000000    2.011550373
    7.976666667    1.694486351
    8.033333333    1.401631017
    8.090000000    1.133902494
    8.146666667    0.895720849
    8.203333333    0.687639654
    8.260000000    0.509187438
    8.316666667    0.359040151
    8.373333333    0.233641417
    8.430000000    0.133146136
    8.486666667    0.059164970
    8.543333333    0.014012566
    8.600000000    0.000000000
    8.656666667    0.017795848
    8.713333333    0.067636358
    8.770000000    0.149512137
    8.826666667    0.261688377
    8.883333333    0.403472360
    8.940000000    0.577574968
    8.996666667    0.789948120
    9.053333333    1.046573991
    9.110000000    1.355642421
    9.166666667    1.713831766
    9.223333333    2.113631463
    9.280000000    2.545733651
    9.336666667    3.005519939
    9.393333333    3.496121225
    9.450000000    4.027870435
    9.506666667    4.610425560
    9.563333333    5.247232156
    9.620000000    5.933983303
    9.676666667    6.666896212
    9.733333333    7.443625388
    9.790000000    8.264110086
    9.846666667    9.133956034
    9.903333333   10.057771954
    9.960000000   11.039325925
   10.016666667   12.078527138
   10.073333333   13.180023615
   10.130000000   14.349630657
   10.186666667   15.588718170
   10.243333333   16.885677689
   10.300000000   18.213530891
   10.356666667   19.546761374
   10.413333333   20.867846608
   10.470000000   22.185680334
   10.526666667   23.530163031
   10.583333333   24.950979233
   10.640000000   26.503996043
   10.696666667   28.224516287
   10.753333333   30.120999111
   10.810000000   32.159485560
   10.866666667   34.278838471
   10.923333333   36.391354744
   10.980000000   38.388406817
   11.036666667   40.139210542
   11.093333333   41.521781747
   11.150000000   42.487619561
   11.206666667   43.094000529
   11.263333333   43.448672163
   11.320000000   43.649330003
   11.376666667   43.760909046
   11.433333333   43.821765715
   11.490000000   43.854414422
   11.546666667   43.871056571
   11.603333333   43.879405485
   11.660000000   43.883170537
   11.716666667   43.884720781
   11.773333333   43.885353109
   11.830000000   43.885532787
   11.886666667   43.885586196
   11.943333333   43.885586196
   12.000000000   43.885586196
