#rc 	 FES 	 error_std
5.54	 17.03159042646154 	 5.8185656151227505
5.63	 16.244042914153844 	 5.622831249651849
5.72	 15.608631386615384 	 5.458114267083511
5.81	 15.104303732769232 	 5.321641524250327
5.9	 14.725048610846153 	 5.209870125356535
5.99	 14.457874584846156 	 5.120597551886798
6.08	 14.259909199 	 5.0531562415453495
6.17	 14.071536104384615 	 5.002381018834553
6.26	 13.851008042307694 	 4.950674615414421
6.35	 13.587229489846154 	 4.881815238384858
6.4399999999999995	 13.283441275538463 	 4.799500621920205
6.53	 12.944598403307696 	 4.719740851338949
6.62	 12.580577945615385 	 4.651226467977227
6.71	 12.212618834384616 	 4.5902752929989274
6.8	 11.870882421230768 	 4.531847382898198
6.89	 11.581173187615386 	 4.4781506465515655
6.98	 11.35055612253846 	 4.441899988527489
7.07	 11.164034472076924 	 4.427647449825062
7.16	 11.003540289384615 	 4.423365198160148
7.25	 10.867404705538462 	 4.414851354841935
7.34	 10.767435876 	 4.403602502152447
7.43	 10.71610256323077 	 4.40761785051116
7.52	 10.714463747153847 	 4.442526549035234
7.609999999999999	 10.745365190846154 	 4.501151106187317
7.699999999999999	 10.785247792 	 4.546462324718904
7.79	 10.81177786276923 	 4.536300908234352
7.88	 10.81040835176923 	 4.458393704567248
7.97	 10.777175963230773 	 4.333631081346746
8.06	 10.715847002846155 	 4.199040434825624
8.15	 10.634855150230768 	 4.082928719046957
8.24	 10.539700857923076 	 3.9941571409772147
8.33	 10.430892948076924 	 3.925387926728852
8.42	 10.311104642923077 	 3.8615595894927344
8.51	 10.187396824384615 	 3.789130533280896
8.6	 10.063772547076924 	 3.7032815904298855
8.69	 9.93893034623077 	 3.61265986803129
8.78	 9.813390673307692 	 3.5263507266215766
8.87	 9.688912182769231 	 3.4468516638089386
8.96	 9.564280218153847 	 3.3720902383976887
9.05	 9.440065696846155 	 3.2991038156063244
9.14	 9.323470303846154 	 3.2289440676753793
9.23	 9.225217266307693 	 3.165550226820389
9.32	 9.141157026846153 	 3.1149441378626843
9.41	 9.05831992353846 	 3.08014888876601
9.5	 8.973260594769231 	 3.058521672720967
9.59	 8.901746811538462 	 3.0466280197969975
9.68	 8.8537567 	 3.0472480658248657
9.77	 8.817089804846155 	 3.056628805710661
9.86	 8.769239987230769 	 3.0646749903848995
9.95	 8.704344755461538 	 3.0631604072878584
10.04	 8.639228076846154 	 3.0579391981217174
10.129999999999999	 8.587696854307692 	 3.064289239140618
10.219999999999999	 8.546506471461537 	 3.0894068347423773
10.309999999999999	 8.503315216615384 	 3.1261524727843044
10.399999999999999	 8.457298112923077 	 3.1571347529910696
10.49	 8.416206223615385 	 3.1676152707414884
10.58	 8.381401061846155 	 3.163641902452204
10.67	 8.350784479923076 	 3.1577896100445213
10.76	 8.320831731307692 	 3.157524378433192
10.85	 8.294589907846154 	 3.1626173027513578
10.94	 8.281850343461539 	 3.1756141795689063
11.03	 8.286463954846154 	 3.2016981911553923
11.120000000000001	 8.296741434846153 	 3.232081931294393
11.21	 8.29282165123077 	 3.253899140490496
11.3	 8.271198516384617 	 3.266951034865311
11.39	 8.248524444692306 	 3.281102435279698
11.48	 8.237847454846154 	 3.2963775177370573
11.57	 8.231318689384615 	 3.296888786937458
11.66	 8.212064057307693 	 3.2668784806093263
11.75	 8.176780170846154 	 3.2074407882096656
11.84	 8.141808793461538 	 3.1314040101001694
11.93	 8.118551815153847 	 3.0444691750558666
12.02	 8.095428454461539 	 2.947029168118501
12.11	 8.051282007307693 	 2.8438336902882164
12.2	 7.983161282076923 	 2.7474183034499875
12.29	 7.909698806461538 	 2.669245483875591
12.379999999999999	 7.848272067153847 	 2.609459902492987
12.469999999999999	 7.801625404307693 	 2.562680255632373
12.559999999999999	 7.758653519769231 	 2.5233742777622212
12.649999999999999	 7.7129049602307695 	 2.4892112129781894
12.739999999999998	 7.670392074538462 	 2.4580264076382736
12.83	 7.639057146538461 	 2.42537198173547
12.92	 7.613983599230769 	 2.389079368345656
13.01	 7.574396869769231 	 2.3498084129835775
13.1	 7.5082009116153845 	 2.3056228836373505
13.19	 7.430509293461538 	 2.255140679125852
13.28	 7.364369895461538 	 2.200024527154959
13.37	 7.307699547076923 	 2.1451114238038085
13.459999999999999	 7.237702931461538 	 2.0928775305341483
13.549999999999999	 7.146451367999998 	 2.0423183055100873
13.64	 7.054177641384617 	 1.9971777360158545
13.73	 6.980545441461539 	 1.9612174913986857
13.82	 6.921110324384615 	 1.9335289954406558
13.91	 6.858679056153847 	 1.9108617380251762
14.0	 6.786085992692307 	 1.8952761680577421
14.09	 6.715087182692308 	 1.888444923130116
14.18	 6.654267981307693 	 1.8848212070300416
14.27	 6.602124569769231 	 1.8797596999922572
14.36	 6.556002847615384 	 1.8757663389578703
14.45	 6.515281873384615 	 1.8761113640416134
14.54	 6.478035589769231 	 1.8767116779588293
14.629999999999999	 6.435798705461538 	 1.8702940119911566
14.719999999999999	 6.386417615153847 	 1.8528394077880328
14.81	 6.336497596692307 	 1.831362056484813
14.9	 6.293276978384616 	 1.8160835745209032
14.99	 6.251200968615385 	 1.814427244992394
15.08	 6.198109218846153 	 1.8226358544972996
15.17	 6.1396883412307695 	 1.8318071320047897
15.26	 6.093349957538461 	 1.839401138936369
15.35	 6.068871798692307 	 1.845551643063815
15.44	 6.054076595692307 	 1.8491102484146298
15.53	 6.031086245846153 	 1.8475945266705354
15.62	 5.998887997461539 	 1.8443647980948688
15.709999999999999	 5.969694604615385 	 1.8463801416439645
15.799999999999999	 5.945488832307693 	 1.8534396160131703
15.889999999999999	 5.913487160461539 	 1.8606802438941201
15.98	 5.866162487923078 	 1.8652015762158591
16.07	 5.808622467538461 	 1.8718892128368765
16.16	 5.753950438076923 	 1.8802295703898786
16.25	 5.706216774692307 	 1.887966913055349
16.34	 5.6611830789230755 	 1.8939198117098057
16.43	 5.615898045384615 	 1.902179614767165
16.52	 5.572231380846153 	 1.9165000195354696
16.61	 5.529936745923076 	 1.9330217391031381
16.7	 5.487043573615386 	 1.9499529719188864
16.79	 5.440660054692307 	 1.9630342159086283
16.88	 5.393601431461538 	 1.9708974564218478
16.97	 5.348920104923078 	 1.9741001090698402
17.06	 5.308608987153846 	 1.9723659114897414
17.15	 5.269653084999999 	 1.9720310594715162
17.240000000000002	 5.231519567769231 	 1.98057504096552
17.33	 5.197587870538462 	 1.9990653648074177
17.42	 5.1725892756923075 	 2.0232220120266597
17.509999999999998	 5.155844502076922 	 2.044142549091223
17.6	 5.141672370538462 	 2.066773648698565
17.689999999999998	 5.1253478954615375 	 2.0979903086675704
17.78	 5.106417301153846 	 2.132966437849174
17.869999999999997	 5.092409198153846 	 2.1650510588792375
17.96	 5.086482416769231 	 2.1948743699627626
18.049999999999997	 5.084685860846154 	 2.2344023220177407
18.14	 5.079298350076923 	 2.287048885091651
18.229999999999997	 5.0689206915384615 	 2.3446343849924762
18.32	 5.054394882769231 	 2.3957798191557518
18.41	 5.035670001846154 	 2.440613964833832
18.5	 5.01241742876923 	 2.4877700367209616
18.59	 4.986592648230769 	 2.54174669323928
18.68	 4.959697391307691 	 2.5922990841449916
18.77	 4.9267115447692325 	 2.6274928755500824
18.86	 4.884639786384615 	 2.6449205329783734
18.95	 4.836752145538461 	 2.6535546324481993
19.04	 4.792615087000001 	 2.6578392284702845
19.13	 4.754246641923078 	 2.6562578140787236
19.22	 4.715898463384615 	 2.648436708075473
19.31	 4.676460626307692 	 2.6399786700924026
19.4	 4.638471441538462 	 2.636858270744424
19.490000000000002	 4.599682898615384 	 2.6429011523763677
19.58	 4.554431127076923 	 2.651929381793344
19.67	 4.508545174230768 	 2.6549210899006734
19.759999999999998	 4.473142610384615 	 2.6423711940953174
19.85	 4.443438660461538 	 2.6162413669149753
19.939999999999998	 4.408948576692308 	 2.5905815362223414
20.03	 4.364886011538461 	 2.582358686721527
20.119999999999997	 4.3172602627692305 	 2.589889583208887
20.21	 4.270053295384614 	 2.5995672242976458
20.299999999999997	 4.222252088 	 2.6030879967753444
20.39	 4.178996863538461 	 2.606487584172582
20.479999999999997	 4.144408151307691 	 2.6175638637333254
20.57	 4.109012142076923 	 2.636787114551468
20.66	 4.0572778849999995 	 2.6569452641342646
20.75	 3.9910182177692297 	 2.670217951208545
20.84	 3.933553642846153 	 2.6749976820599657
20.93	 3.900610414 	 2.6783418223990383
21.02	 3.877981440384616 	 2.684413069710861
21.11	 3.8361809436153846 	 2.6912314071554606
21.2	 3.769331012923077 	 2.694740026012414
21.29	 3.697637298384616 	 2.6942783978596276
21.38	 3.6416304710769234 	 2.692578060885003
21.47	 3.596414169153846 	 2.6934906649992425
21.56	 3.549855069538462 	 2.7046526312246746
21.65	 3.4970798623846147 	 2.7258297126286704
21.74	 3.4433881336923076 	 2.7462109940499366
21.83	 3.393634533846154 	 2.7568921699843725
21.919999999999998	 3.3447771233846155 	 2.7616963525123066
22.009999999999998	 3.2933430265384613 	 2.7726196386738926
22.099999999999998	 3.2381204158461534 	 2.7849415108338538
22.189999999999998	 3.179753437307692 	 2.7834004188692076
22.28	 3.1239504690000004 	 2.764258612329173
22.37	 3.0737110191538464 	 2.7440829974574203
22.46	 3.0260361523846155 	 2.739440012273412
22.55	 2.9804624157692303 	 2.750053424271737
22.64	 2.9428309356153846 	 2.7638999128285833
22.73	 2.9163633012307697 	 2.772841503220053
22.82	 2.8886507782307693 	 2.7804490409963996
22.91	 2.8478437931538467 	 2.7923799558252567
23.0	 2.798934887538461 	 2.8044325240202093
23.09	 2.7568817898461537 	 2.805554945915582
23.18	 2.725923572 	 2.7935571740508855
23.27	 2.69948035823077 	 2.7754329767948693
23.36	 2.6674412843076922 	 2.7566078218224996
23.45	 2.6254710618461536 	 2.732934178933092
23.54	 2.5759712355384616 	 2.7025847899817474
23.63	 2.522933215461538 	 2.667953036409867
23.72	 2.4702851698461537 	 2.630640719714447
23.81	 2.419045797307692 	 2.5903532628520716
23.9	 2.373231564461539 	 2.544861189890702
23.99	 2.3341291796153842 	 2.49342697755931
24.08	 2.296190911307692 	 2.4410415382845985
24.169999999999998	 2.2500895519230775 	 2.390597640952353
24.259999999999998	 2.193535758615385 	 2.344697558675447
24.349999999999998	 2.135078765615384 	 2.3009094422039165
24.439999999999998	 2.0833715780769233 	 2.255411889278042
24.529999999999998	 2.039437940923077 	 2.2125144313003218
24.62	 1.996693444692308 	 2.178973688079656
24.71	 1.951491935307692 	 2.1461544651100666
24.8	 1.908629545769231 	 2.1023671889525968
24.89	 1.8725739590769228 	 2.0515908781463272
24.98	 1.8329498350769229 	 2.0114586021925636
25.07	 1.784040066846154 	 1.9875788492858262
25.16	 1.733531845923077 	 1.9681437793152827
25.25	 1.6931231106153843 	 1.9415299490459814
25.34	 1.661889397923077 	 1.9132173615582235
25.43	 1.6291763256153846 	 1.895461248571926
25.52	 1.5941204780769231 	 1.888684192326104
25.61	 1.5646725739999998 	 1.881092175176232
25.7	 1.5429528991538461 	 1.8624584601606238
25.79	 1.5187565963076923 	 1.8385313643028012
25.88	 1.4802200332307693 	 1.8251992001070922
25.97	 1.4322283006923078 	 1.8272762417612214
26.06	 1.3856547445384617 	 1.8280092597688895
26.15	 1.3452431726923075 	 1.8057301057974537
26.24	 1.305021306769231 	 1.7645069511279055
26.33	 1.260867913 	 1.7239045195035154
26.419999999999998	 1.2184348216923078 	 1.6950270321697558
26.509999999999998	 1.1867606869230767 	 1.6677323197047857
26.599999999999998	 1.1655933587692309 	 1.6318786415840847
26.689999999999998	 1.1458588292307694 	 1.5913053690331493
26.779999999999998	 1.1195402134615386 	 1.5592047940398375
26.869999999999997	 1.084805065076923 	 1.539571616886281
26.96	 1.0493768693846155 	 1.5234334564703151
27.05	 1.021170941923077 	 1.4983232274679636
27.14	 1.0052295860769234 	 1.4672796204855447
27.23	 0.9982680453846156 	 1.4435913878004318
27.32	 0.9839848253846155 	 1.430627038050448
27.41	 0.9507607919230769 	 1.4162660335646855
27.5	 0.9066953288461541 	 1.3879929150715944
27.59	 0.8698138316923076 	 1.353333965477759
27.68	 0.8458397249999998 	 1.331331576754317
27.77	 0.819099483923077 	 1.3232343617957016
27.86	 0.7759349993846154 	 1.309015972284353
27.95	 0.7232823508461541 	 1.2684581602588787
28.04	 0.6787494129230767 	 1.208264099301762
28.13	 0.6468092422307694 	 1.1536931364691845
28.22	 0.6136845094615386 	 1.1154659493803316
28.31	 0.5673805154615386 	 1.0835983043839004
28.4	 0.5107214716153847 	 1.044577847509487
28.49	 0.45720174807692304 	 0.9989861591947168
28.58	 0.41309122253846153 	 0.9550254997835044
28.669999999999998	 0.3759431355384616 	 0.9153105435217531
28.759999999999998	 0.34087520130769233 	 0.8795080354199902
28.849999999999998	 0.3061929627692309 	 0.8465755359149761
28.939999999999998	 0.27344957299999995 	 0.8152867840556618
29.029999999999998	 0.2433879251538461 	 0.7828395582211313
29.119999999999997	 0.2189683843076924 	 0.7475561338400578
29.21	 0.20203865784615382 	 0.7105843753225086
29.3	 0.18798304361538476 	 0.6711688333241512
29.39	 0.17064308776923076 	 0.6287152352747734
29.48	 0.14585467261538454 	 0.587158524549078
29.57	 0.1191243427692309 	 0.5554540008946574
29.66	 0.09793975707692304 	 0.53195687224243
29.75	 0.08177665892307695 	 0.5040365956498197
29.84	 0.06063222284615388 	 0.4653910102808506
29.93	 0.03379285261538467 	 0.42507121286157196
30.02	 0.011358473000000036 	 0.39555976852409497
30.11	 0.0015009898461539883 	 0.3763254061823824
30.2	 0.0 	 0.3547606885663269
30.29	 0.0004549235384616601 	 0.3202010373525651
30.38	 0.002824761384615404 	 0.27368426136198726
30.47	 0.010328121230769316 	 0.23575355620980407
30.56	 0.021482360076923168 	 0.2340125097722987
30.65	 0.035715054153846126 	 0.2675500343797736
30.74	 0.05369259830769246 	 0.322166801941382
30.83	 0.07423280207692307 	 0.395880897010875
30.919999999999998	 0.09397539992307691 	 0.48476109259463274
31.009999999999998	 0.11196587176923078 	 0.5762811331838924
31.099999999999998	 0.13012262715384615 	 0.661750190632601
31.189999999999998	 0.15029182292307697 	 0.7420501533236254
31.279999999999998	 0.17077082476923067 	 0.8174835137221046
31.369999999999997	 0.1897563056153846 	 0.8847429524567164
31.459999999999997	 0.20758164199999996 	 0.9376936406540217
31.55	 0.22340837584615392 	 0.9758956827485402
31.64	 0.23644858438461536 	 1.00607491911866
31.73	 0.2503715900769231 	 1.0359570007461905
31.82	 0.272039723 	 1.0687496942536268
31.91	 0.3045581038461539 	 1.10092891027157
32.0	 0.3436972938461539 	 1.128092801983852
