#rc 	 FES 	 error_std
5.54	 9.402250030230771 	 4.786831725234179
5.63	 8.56704542023077 	 4.871791750564412
5.72	 7.86384042069231 	 4.979151904409806
5.81	 7.291312058153848 	 5.092505327173725
5.9	 6.824866010769232 	 5.195343052026042
5.99	 6.427025316076924 	 5.288389415899031
6.08	 6.066016773153845 	 5.385860900950214
6.17	 5.725019132461539 	 5.495382321502404
6.26	 5.39719852823077 	 5.609788026308819
6.35	 5.075652384538462 	 5.7099492066102
6.4399999999999995	 4.7465099691538475 	 5.781064659792501
6.53	 4.402395250230771 	 5.822172165346276
6.62	 4.051828840923078 	 5.8409661136853455
6.71	 3.715239132384615 	 5.8446973475042165
6.8	 3.404641035923075 	 5.84020451643446
6.89	 3.1154914163076937 	 5.836593676043708
6.98	 2.8411942165384634 	 5.835450435727669
7.07	 2.5834711298461546 	 5.824916709009155
7.16	 2.351348459461539 	 5.794109305177663
7.25	 2.1504779040000006 	 5.7457542774986585
7.34	 1.9832649889230778 	 5.689744064658138
7.43	 1.8438493766153838 	 5.635206122985145
7.52	 1.7270553421538475 	 5.585213572450807
7.609999999999999	 1.6293756406153852 	 5.535077526776465
7.699999999999999	 1.550404122230769 	 5.479380694289707
7.79	 1.492552416076924 	 5.410759299820035
7.88	 1.4507862164615402 	 5.32922906457868
7.97	 1.4105193237692317 	 5.238498459970678
8.06	 1.3589834222307706 	 5.142692620981647
8.15	 1.2997654633076934 	 5.044192330146397
8.24	 1.2500504062307698 	 4.944153123400289
8.33	 1.2233291650769234 	 4.8502411026478045
8.42	 1.2136261072307688 	 4.7691966701417
8.51	 1.2088604756153867 	 4.704300645568108
8.6	 1.2075473742307707 	 4.655303034155633
8.69	 1.2259826276153847 	 4.618947594376839
8.78	 1.2725960873076927 	 4.597071202569452
8.87	 1.3362960464615403 	 4.595803908186534
8.96	 1.3991226822307699 	 4.617934730090943
9.05	 1.452428531076924 	 4.652104366472147
9.14	 1.4966547479230767 	 4.680869462800111
9.23	 1.533671778923078 	 4.70005537096286
9.32	 1.5670039160769234 	 4.722738042808145
9.41	 1.6064475342307691 	 4.759928955431992
9.5	 1.6534435053076937 	 4.809288733328587
9.59	 1.699337744615387 	 4.855058371026023
9.68	 1.7372882821538465 	 4.888094361690048
9.77	 1.7713106036153858 	 4.908397418714511
9.86	 1.815329396769231 	 4.917999450013911
9.95	 1.8707751029230781 	 4.918324973697134
10.04	 1.927704567153846 	 4.910139889248345
10.129999999999999	 1.9749261790000006 	 4.899950375024214
10.219999999999999	 2.0117051935384618 	 4.8942148879724385
10.309999999999999	 2.0490196811538475 	 4.897811409796913
10.399999999999999	 2.1005499588461545 	 4.911028591754978
10.49	 2.165994075538464 	 4.928801968869244
10.58	 2.2378611823846164 	 4.947094603948747
10.67	 2.306313887846155 	 4.963559372836265
10.76	 2.3651642850000014 	 4.975280941169023
10.85	 2.4135696427692324 	 4.979236162399871
10.94	 2.4592035990000003 	 4.973841336803171
11.03	 2.508151167769232 	 4.965082250787778
11.120000000000001	 2.555277478846153 	 4.957576172951509
11.21	 2.591442846846155 	 4.952100948544828
11.3	 2.6166386203076932 	 4.94243411013445
11.39	 2.6397420150769246 	 4.92192662243414
11.48	 2.664255193615385 	 4.893463079906919
11.57	 2.6807577639230775 	 4.864646536132581
11.66	 2.6805890010769247 	 4.836949287850308
11.75	 2.665933018076924 	 4.8041392572926265
11.84	 2.639577313538462 	 4.761126157077243
11.93	 2.6038737132307705 	 4.711534709241725
12.02	 2.567095957538463 	 4.672508343336537
12.11	 2.543149676692309 	 4.652186505982552
12.2	 2.5348824200000015 	 4.643791238666612
12.29	 2.5305818147692323 	 4.63301433420158
12.379999999999999	 2.516042425923077 	 4.612659548315175
12.469999999999999	 2.4927239070000002 	 4.593258010352992
12.559999999999999	 2.472389160076924 	 4.590491635766697
12.649999999999999	 2.4592811483846164 	 4.609026370353464
12.739999999999998	 2.4457557673846173 	 4.640114739574936
12.83	 2.4210793400769246 	 4.669965749415578
12.92	 2.389207034615384 	 4.691183677860115
13.01	 2.362744544846154 	 4.70439853088902
13.1	 2.342674082769233 	 4.707959022939661
13.19	 2.3154785357692313 	 4.696312939228416
13.28	 2.272062717846155 	 4.667240895836475
13.37	 2.223575611538462 	 4.631926204382973
13.459999999999999	 2.188642457153848 	 4.6023626888886175
13.549999999999999	 2.1719278800769226 	 4.579943857448628
13.64	 2.1554873902307703 	 4.559026044574454
13.73	 2.120991303923077 	 4.536438043558755
13.82	 2.070868556692309 	 4.516702879764963
13.91	 2.0248396080000006 	 4.507150468241202
14.0	 1.993655271076923 	 4.507234634647672
14.09	 1.970867754692308 	 4.508584494292306
14.18	 1.945116258076923 	 4.505537663582817
14.27	 1.9126775620769232 	 4.501085575602517
14.36	 1.8753843740769227 	 4.492560413179928
14.45	 1.833739589153847 	 4.474194271777392
14.54	 1.7915544074615397 	 4.4492013790908755
14.629999999999999	 1.7529322022307694 	 4.433861381180511
14.719999999999999	 1.719211373538461 	 4.432542793096181
14.81	 1.6842050856923088 	 4.431948474550838
14.9	 1.6412764166153853 	 4.423584412204823
14.99	 1.5872761476923083 	 4.416954122641274
15.08	 1.528938127615385 	 4.422147311089077
15.17	 1.4744358723846167 	 4.429492044807645
15.26	 1.424423536230771 	 4.426921849522135
15.35	 1.3752315892307712 	 4.41803729364484
15.44	 1.3270471246923083 	 4.419366597186412
15.53	 1.2798345990000017 	 4.436104080089348
15.62	 1.233089582076924 	 4.457757278366777
15.709999999999999	 1.1822096369230772 	 4.471998671718113
15.799999999999999	 1.1314244515384617 	 4.481833600521588
15.889999999999999	 1.0857432783076932 	 4.502876566735607
15.98	 1.0444080026923075 	 4.542377446734869
16.07	 1.004432438769233 	 4.589428408258374
16.16	 0.9712935142307701 	 4.630376605471758
16.25	 0.9509109611538467 	 4.666380816913203
16.34	 0.938131783384617 	 4.705897962406714
16.43	 0.9251584163846163 	 4.74585840454067
16.52	 0.9098757402307696 	 4.776807767653991
16.61	 0.8981836732307702 	 4.799115711726752
16.7	 0.8928018811538463 	 4.827713789554599
16.79	 0.8921969886153862 	 4.870892910313735
16.88	 0.8979953837692305 	 4.919147280761414
16.97	 0.9115303248461553 	 4.9574736599617575
17.06	 0.928396812846155 	 4.980569850681934
17.15	 0.9396851250000013 	 4.99664428475714
17.240000000000002	 0.9397976873846163 	 5.014246327184382
17.33	 0.9347773001538462 	 5.0350327293668204
17.42	 0.9371414543076924 	 5.055948290988004
17.509999999999998	 0.9574876593846158 	 5.073316850460658
17.6	 0.9896652581538463 	 5.088844449628321
17.689999999999998	 1.0197984072307706 	 5.103840859534841
17.78	 1.0375082641538453 	 5.115469357279225
17.869999999999997	 1.0465128156923074 	 5.123034024487664
17.96	 1.0557601582307692 	 5.131807889952888
18.049999999999997	 1.0657272172307701 	 5.147969491513607
18.14	 1.0771255646153852 	 5.16399696717973
18.229999999999997	 1.0905940431538452 	 5.1677364872909
18.32	 1.1040966120769244 	 5.153004841781343
18.41	 1.1065041013846164 	 5.1261133447015865
18.5	 1.0914950544615394 	 5.098328254125927
18.59	 1.0643282146153856 	 5.081061524054122
18.68	 1.046622151538462 	 5.083571323707112
18.77	 1.0541281651538466 	 5.101046212384139
18.86	 1.0811405896153845 	 5.118158418559518
18.95	 1.1070154073076939 	 5.120271336373115
19.04	 1.1180645921538472 	 5.10992037597221
19.13	 1.1215949518461548 	 5.100900173944145
19.22	 1.1329704530769238 	 5.102972031612003
19.31	 1.1504543585384628 	 5.11089837540718
19.4	 1.158230684923078 	 5.116394243029346
19.490000000000002	 1.1531305269230785 	 5.121010006585979
19.58	 1.1472710293846173 	 5.133437305516965
19.67	 1.1566458482307693 	 5.156768288754329
19.759999999999998	 1.1821667831538472 	 5.183628442497447
19.85	 1.215154860384616 	 5.2053102654735355
19.939999999999998	 1.243695399615385 	 5.222653444590621
20.03	 1.26170176746154 	 5.240582161357661
20.119999999999997	 1.2742077448461542 	 5.2623757330243865
20.21	 1.2841316279230783 	 5.2889559979753935
20.299999999999997	 1.2888357767692318 	 5.315435341804149
20.39	 1.2864943988461546 	 5.337235728866971
20.479999999999997	 1.2810409993076934 	 5.350381773339206
20.57	 1.2779582523076929 	 5.36136823852145
20.66	 1.2754878684615392 	 5.3830861914467665
20.75	 1.2743121704615392 	 5.421614661680426
20.84	 1.27792110523077 	 5.468202893234716
20.93	 1.2838919249230782 	 5.507757413702175
21.02	 1.284022792000001 	 5.537004595072716
21.11	 1.2735408426153851 	 5.570804665901186
21.2	 1.260401132769232 	 5.61739042942832
21.29	 1.2542393418461542 	 5.665106873152193
21.38	 1.2528876800000006 	 5.688198111382243
21.47	 1.2447735916153855 	 5.683101812301272
21.56	 1.2261219441538467 	 5.673033863599972
21.65	 1.207869904461539 	 5.684776951869862
21.74	 1.2008295467692305 	 5.724851766561818
21.83	 1.2032996885384621 	 5.776887939469087
21.919999999999998	 1.203863133307693 	 5.819618656439886
22.009999999999998	 1.1990869097692318 	 5.846259624209675
22.099999999999998	 1.1980740833846166 	 5.866108538737202
22.189999999999998	 1.2043715972307716 	 5.897166632047762
22.28	 1.2090454078461548 	 5.9490680698291545
22.37	 1.1997093014615388 	 6.009942446098164
22.46	 1.1793995569230775 	 6.05887902882805
22.55	 1.162492939846155 	 6.090011875197579
22.64	 1.1579001708461565 	 6.119037108362854
22.73	 1.1571881480000004 	 6.166028027650757
22.82	 1.147673064000002 	 6.2304285692316705
22.91	 1.1262415786923086 	 6.290648362904499
23.0	 1.1028872626153845 	 6.327849677708346
23.09	 1.0870677976153855 	 6.345579063357905
23.18	 1.0776225497692318 	 6.362642373362122
23.27	 1.0677237355384621 	 6.38913154594666
23.36	 1.0542246339230763 	 6.4252330583634105
23.45	 1.0368737072307699 	 6.469806740701251
23.54	 1.018991788384616 	 6.524521757324228
23.63	 1.0003339485384615 	 6.578405445739824
23.72	 0.9777897974615399 	 6.613957952255271
23.81	 0.9464523069230779 	 6.623304317534521
23.9	 0.9082594131538473 	 6.619575474064999
23.99	 0.8687591619230774 	 6.620204020472547
24.08	 0.8296380719230783 	 6.628391631565752
24.169999999999998	 0.7906024625384616 	 6.635905689524015
24.259999999999998	 0.7563783990769242 	 6.635965038634415
24.349999999999998	 0.732370010538463 	 6.627750256342078
24.439999999999998	 0.7126036580000008 	 6.616679533387168
24.529999999999998	 0.6873002353846163 	 6.606537915804816
24.62	 0.6568547010000012 	 6.600560900077313
24.71	 0.6300780979230778 	 6.604024067829613
24.8	 0.6144838095384628 	 6.618429953558589
24.89	 0.609256322538462 	 6.635770695999774
24.98	 0.6078396722307691 	 6.645756452233414
25.07	 0.6018124712307698 	 6.643817081235263
25.16	 0.5802833866923081 	 6.63440383140018
25.25	 0.5481816251538465 	 6.6251296570888885
25.34	 0.5237186822307702 	 6.623912374950881
25.43	 0.5204474604615399 	 6.630580839588969
25.52	 0.5320264402307702 	 6.640139196231222
25.61	 0.540097504538462 	 6.64273250618994
25.7	 0.5372490983846161 	 6.635044733500344
25.79	 0.5311978432307702 	 6.620195842505347
25.88	 0.5336230418461545 	 6.605567328728561
25.97	 0.5445150236923091 	 6.59590687870035
26.06	 0.5567846797692324 	 6.58954104479784
26.15	 0.5659012811538471 	 6.579900951847417
26.24	 0.5647732863846162 	 6.559642484280778
26.33	 0.5518749339999998 	 6.521290672875065
26.419999999999998	 0.5374341125384623 	 6.468768836421953
26.509999999999998	 0.5391929563846158 	 6.418115724131334
26.599999999999998	 0.5621794506153854 	 6.384819667202671
26.689999999999998	 0.5946020691538472 	 6.3669827803021875
26.779999999999998	 0.6143999603846169 	 6.348413560792598
26.869999999999997	 0.6084413426923083 	 6.310071801136684
26.96	 0.5838496276923077 	 6.256725423401683
27.05	 0.5602584102307704 	 6.205880439069262
27.14	 0.5499812062307701 	 6.164964674827552
27.23	 0.5465128883846164 	 6.125524670774199
27.32	 0.5376839183076934 	 6.080867630138991
27.41	 0.5195294738461547 	 6.034578408995852
27.5	 0.4985256060000012 	 5.989047331211855
27.59	 0.4793957453846165 	 5.946193111842303
27.68	 0.460741883846155 	 5.90829069496226
27.77	 0.43963528738461566 	 5.8787602313544225
27.86	 0.41258245253846315 	 5.858100840856455
27.95	 0.38302775261538535 	 5.842497901084251
28.04	 0.3539671788461547 	 5.827841452830835
28.13	 0.32503439184615424 	 5.813350439393819
28.22	 0.294797897307693 	 5.801873636480918
28.31	 0.25981155092307784 	 5.791785725677243
28.4	 0.22386612469230904 	 5.7790124710747115
28.49	 0.1888374709230778 	 5.762379714606669
28.58	 0.15526610615384673 	 5.749644246999628
28.669999999999998	 0.12444233815384731 	 5.744422501913802
28.759999999999998	 0.10093486430769438 	 5.738176541752684
28.849999999999998	 0.09048973230769342 	 5.722822605040969
28.939999999999998	 0.08954080469230785 	 5.702768810669924
29.029999999999998	 0.08841622715384556 	 5.694219159083939
29.119999999999997	 0.08337473084615432 	 5.703485334300905
29.21	 0.07293131438461575 	 5.72435576058954
29.3	 0.06034261084615533 	 5.743451327102051
29.39	 0.04837897861538565 	 5.7506279580945945
29.48	 0.04059644392307771 	 5.7493733943026655
29.57	 0.0403758566153849 	 5.745989025184739
29.66	 0.04412702061538454 	 5.742969485582566
29.75	 0.04625089123077064 	 5.740160957277676
29.84	 0.0439085408461537 	 5.736930630664544
29.93	 0.037870616923077804 	 5.735093599076254
30.02	 0.030064426846153403 	 5.735054740007059
30.11	 0.019210793692308492 	 5.73429476645439
30.2	 0.007057195000000682 	 5.728841760012407
30.29	 0.0 	 5.72101962714731
30.38	 0.0024499239230770797 	 5.716900588676243
30.47	 0.010120506076923164 	 5.718550831077313
30.56	 0.01729615761538561 	 5.724445018974154
30.65	 0.02545599115384789 	 5.729634977775843
30.74	 0.040496926153847035 	 5.729674053980595
30.83	 0.06260673915384629 	 5.725857760883969
30.919999999999998	 0.08380048807692297 	 5.730009762999605
31.009999999999998	 0.10067455784615387 	 5.753374254434366
31.099999999999998	 0.1215312779230775 	 5.793051942301625
31.189999999999998	 0.15549026907692287 	 5.829081412642597
31.279999999999998	 0.20363594369230764 	 5.859385370041061
31.369999999999997	 0.2561391060000009 	 5.900357791074026
31.459999999999997	 0.3063609926153861 	 5.96143707968461
31.55	 0.3557698849230775 	 6.028817225871985
31.64	 0.40675705053846123 	 6.079859908531752
31.73	 0.4591410849999997 	 6.109871118191801
31.82	 0.5140954724615394 	 6.134968404921837
31.91	 0.5720255336153857 	 6.170210566388616
32.0	 0.6324449066923092 	 6.218813098773029
