#rc 	 FES 	 error_std
5.54	 18.632545830307688 	 9.5847814047911
5.63	 17.834828566692305 	 9.317049087831201
5.72	 17.162591018153847 	 9.08612737539692
5.81	 16.638123168923077 	 8.938846515394095
5.9	 16.255368049153844 	 8.865876501814206
5.99	 15.968648627692307 	 8.81744005859344
6.08	 15.703356926692305 	 8.740029921400803
6.17	 15.391702989692305 	 8.599941856889071
6.26	 15.006248479999998 	 8.396083831596872
6.35	 14.56106099523077 	 8.156525199423415
6.4399999999999995	 14.091873338538463 	 7.910552255185914
6.53	 13.624055548230768 	 7.679130018125287
6.62	 13.16789576023077 	 7.471263099697127
6.71	 12.731895172230768 	 7.292678295903239
6.8	 12.332422823384615 	 7.144816189810425
6.89	 11.990998636461537 	 7.027682926530329
6.98	 11.71343175930769 	 6.939759926210349
7.07	 11.482683362846153 	 6.8726539929262405
7.16	 11.274492396076923 	 6.80880904480329
7.25	 11.083340063615383 	 6.736900293312102
7.34	 10.928735087307691 	 6.663475347367129
7.43	 10.829328682615385 	 6.605603519716222
7.52	 10.780283933076921 	 6.566483635551364
7.609999999999999	 10.756104276153845 	 6.533791148773592
7.699999999999999	 10.727817345692307 	 6.494210238007484
7.79	 10.683608052846154 	 6.446590568002268
7.88	 10.625092162461538 	 6.399235688091629
7.97	 10.559477670923075 	 6.358256244937339
8.06	 10.490192647923077 	 6.317372484495989
8.15	 10.419348540076925 	 6.2658762255960845
8.24	 10.351564658923074 	 6.201038836035934
8.33	 10.287061069153845 	 6.128861264734237
8.42	 10.223077638384613 	 6.053795058228177
8.51	 10.160536626230767 	 5.971265723431299
8.6	 10.100151188615383 	 5.87083830723206
8.69	 10.037891810923076 	 5.75123055870833
8.78	 9.966176687846154 	 5.624520115060891
8.87	 9.881981094923077 	 5.50222412681512
8.96	 9.782855281769232 	 5.382203384927517
9.05	 9.668465505692307 	 5.248301418927749
9.14	 9.539163484153846 	 5.091280556086456
9.23	 9.402725550461536 	 4.921515155121756
9.32	 9.276017898923076 	 4.763083727366407
9.41	 9.168442398153845 	 4.631576220101348
9.5	 9.076018825846152 	 4.523129444029624
9.59	 8.984273490076921 	 4.426552572154562
9.68	 8.883395747230768 	 4.334890898221479
9.77	 8.772135833538462 	 4.249250317177138
9.86	 8.657202418999997 	 4.172268419332552
9.95	 8.546748065846153 	 4.1015914591916705
10.04	 8.446606362076922 	 4.0303004621304614
10.129999999999999	 8.357621404538461 	 3.9544708783446225
10.219999999999999	 8.276218820999999 	 3.8776460658652296
10.309999999999999	 8.195333644615385 	 3.810634002993335
10.399999999999999	 8.106108194461537 	 3.7570834653017293
10.49	 8.006745723846153 	 3.706909075751759
10.58	 7.908591876384616 	 3.6495699657295915
10.67	 7.821947820076922 	 3.582942912923368
10.76	 7.747007573923076 	 3.516072607268042
10.85	 7.677616458923076 	 3.4622638327761486
10.94	 7.616236407461537 	 3.4284431962870987
11.03	 7.564038295846153 	 3.408974219739125
11.120000000000001	 7.514428393230769 	 3.388856242175823
11.21	 7.463888716999998 	 3.3586606282351914
11.3	 7.4170240838461545 	 3.322699267031469
11.39	 7.379040785846154 	 3.2941939249996324
11.48	 7.347084330923076 	 3.272177012473988
11.57	 7.319527543538461 	 3.248185156625511
11.66	 7.298685427153847 	 3.221406870839149
11.75	 7.284772130461539 	 3.197576344917336
11.84	 7.268553528 	 3.1798636705193943
11.93	 7.241373831000002 	 3.163489682954797
12.02	 7.211879090538462 	 3.1481410148694153
12.11	 7.192788225769231 	 3.136969254778544
12.2	 7.180998860692306 	 3.132773067591343
12.29	 7.164565212307691 	 3.1257974633179866
12.379999999999999	 7.138912380615384 	 3.102608119098367
12.469999999999999	 7.1147961414615395 	 3.0634732452503335
12.559999999999999	 7.103094029846153 	 3.0212287478742157
12.649999999999999	 7.101937527615384 	 2.988866000023304
12.739999999999998	 7.098924288615384 	 2.9721066442487007
12.83	 7.089473284153847 	 2.9661854349904457
12.92	 7.07895976246154 	 2.9646735082135156
13.01	 7.072876349307691 	 2.967160927299891
13.1	 7.068692686692307 	 2.971602582017063
13.19	 7.063640540076921 	 2.9702855739652283
13.28	 7.056047618769231 	 2.95575688949562
13.37	 7.036957668461538 	 2.9304013317062036
13.459999999999999	 6.989960840538462 	 2.8983817176468656
13.549999999999999	 6.91303963123077 	 2.8564131958929684
13.64	 6.833081276153846 	 2.8014905098577416
13.73	 6.7782234183076895 	 2.74323196071394
13.82	 6.746128114692306 	 2.696374651702233
13.91	 6.7086578676153845 	 2.667153881842771
14.0	 6.64651182846154 	 2.649717029448616
14.09	 6.567353077923077 	 2.6277521230395027
14.18	 6.488508012461539 	 2.588459627125449
14.27	 6.415695425538461 	 2.5343881994615063
14.36	 6.343166692692307 	 2.4849536098579503
14.45	 6.268182497153845 	 2.455472235353113
14.54	 6.1946137023076915 	 2.4395618977124855
14.629999999999999	 6.12328776053846 	 2.4197727224897516
14.719999999999999	 6.052128360615384 	 2.3940713677712107
14.81	 5.983533808384616 	 2.374862286259853
14.9	 5.927445051384616 	 2.3666527701856386
14.99	 5.8870574649230765 	 2.3536809379014025
15.08	 5.85242042976923 	 2.3246131959123417
15.17	 5.809812025307693 	 2.286094580070373
15.26	 5.7571508560769225 	 2.2557125239845193
15.35	 5.700907966461537 	 2.2379014051983916
15.44	 5.648979875384615 	 2.2188502337481877
15.53	 5.605117645307692 	 2.181413838390432
15.62	 5.56178825576923 	 2.128601283861012
15.709999999999999	 5.510246463999998 	 2.07748500004819
15.799999999999999	 5.451228087999999 	 2.042845396987948
15.889999999999999	 5.395209382615382 	 2.0224522221288117
15.98	 5.35386851576923 	 2.0047207195308374
16.07	 5.324666893153845 	 1.9823834572247094
16.16	 5.293645787999999 	 1.9539631112096512
16.25	 5.250956915615385 	 1.9270400701479267
16.34	 5.1989953466153835 	 1.9042282990211612
16.43	 5.148865397769232 	 1.8806523149372405
16.52	 5.102063284076923 	 1.8458059682726897
16.61	 5.057965616384614 	 1.7999071877626704
16.7	 5.017660237076923 	 1.7570813488853843
16.79	 4.99019410476923 	 1.726720909323929
16.88	 4.976132330076922 	 1.705376618435119
16.97	 4.961306395692308 	 1.6848217990990813
17.06	 4.931468652615385 	 1.6604778886339877
17.15	 4.892944780307692 	 1.632141666154098
17.240000000000002	 4.862678466 	 1.598970210584412
17.33	 4.848093841846152 	 1.563173283480046
17.42	 4.837757648692309 	 1.531064594181291
17.509999999999998	 4.816912185615385 	 1.5060334258702652
17.6	 4.783616875230768 	 1.4863262955840475
17.689999999999998	 4.750076145076923 	 1.469077324208121
17.78	 4.723779716615384 	 1.4528393575086471
17.869999999999997	 4.696626932230769 	 1.4341615927258713
17.96	 4.656142647230769 	 1.4087876911139932
18.049999999999997	 4.602569979 	 1.3816370510233038
18.14	 4.553341499230768 	 1.3624033137281808
18.229999999999997	 4.520738969846153 	 1.353626956308791
18.32	 4.498709877538461 	 1.3483212200611052
18.41	 4.473324932846154 	 1.3426600035049558
18.5	 4.442642692307691 	 1.338168119299166
18.59	 4.413061578076924 	 1.3453125081321164
18.68	 4.387758121230769 	 1.3645930992638347
18.77	 4.361370212307692 	 1.3863601248364938
18.86	 4.325388164538461 	 1.400624885650831
18.95	 4.280184750846152 	 1.4064123756969835
19.04	 4.233314217153847 	 1.4081999439933075
19.13	 4.193547948923076 	 1.4093132114606768
19.22	 4.160816392153846 	 1.4109578832847733
19.31	 4.128738771076923 	 1.4091862519470257
19.4	 4.090601580692308 	 1.4002620217980053
19.490000000000002	 4.042758535615384 	 1.3906464841198725
19.58	 3.9875210937692303 	 1.3890231156955477
19.67	 3.9374133810769227 	 1.394605825624388
19.759999999999998	 3.897729892615384 	 1.3987421218720006
19.85	 3.8628703333076913 	 1.395891562026205
19.939999999999998	 3.824640302153846 	 1.3923295840971872
20.03	 3.783401909846153 	 1.3943156912781656
20.119999999999997	 3.7405949946923083 	 1.4015421452347732
20.21	 3.6945697562307696 	 1.4104867931563372
20.299999999999997	 3.6462788091538463 	 1.4203468694232884
20.39	 3.6007946099230765 	 1.4335547424158537
20.479999999999997	 3.561199236846153 	 1.4510500965078044
20.57	 3.524405355153846 	 1.47108006963721
20.66	 3.487277054923077 	 1.4922480144732604
20.75	 3.4516585854615376 	 1.5170668605658477
20.84	 3.4167393542307694 	 1.5457646886410128
20.93	 3.377116974769231 	 1.5720809317502293
21.02	 3.3284610526153844 	 1.5943892528977481
21.11	 3.2736471228461537 	 1.6170228525416779
21.2	 3.2202796010769226 	 1.6485565179957944
21.29	 3.176778683538462 	 1.689547282277965
21.38	 3.1454594588461537 	 1.7327282895246479
21.47	 3.114507195153846 	 1.7720499218987231
21.56	 3.075007108461538 	 1.8019151666111717
21.65	 3.027720315076923 	 1.8195163794799611
21.74	 2.9853357603076915 	 1.827005961917682
21.83	 2.951716129846154 	 1.8326751502122098
21.919999999999998	 2.9173101511538464 	 1.8412788821498665
22.009999999999998	 2.8726384869999992 	 1.843774563746959
22.099999999999998	 2.821992921692307 	 1.8287332868185429
22.189999999999998	 2.779074367230769 	 1.8049167938531612
22.28	 2.7457758563076924 	 1.7958118454602412
22.37	 2.7092808496153844 	 1.8105363574420583
22.46	 2.659170742153846 	 1.8276065454692074
22.55	 2.6037516887692305 	 1.8198512336097374
22.64	 2.559246732538461 	 1.7841720700911283
22.73	 2.5263184867692305 	 1.750178014189514
22.82	 2.4965572089230776 	 1.7415218282911697
22.91	 2.4657770927692306 	 1.749587931155842
23.0	 2.43348636 	 1.74917548555564
23.09	 2.3927708500769227 	 1.728605889188172
23.18	 2.339966889692307 	 1.7008601633402518
23.27	 2.2855886586923067 	 1.6800124746261058
23.36	 2.237845589999999 	 1.6671733663084227
23.45	 2.194635779076923 	 1.6549147826810462
23.54	 2.147305395769231 	 1.6426169722893795
23.63	 2.096931171307692 	 1.633216172013574
23.72	 2.049375561615384 	 1.6287586936901874
23.81	 2.006909753692307 	 1.626882691865104
23.9	 1.9674864389999995 	 1.624389290474744
23.99	 1.925034654076923 	 1.6170831938697836
24.08	 1.8757450796153843 	 1.6055936238994484
24.169999999999998	 1.8243931663846147 	 1.599323357666464
24.259999999999998	 1.7817391767692303 	 1.610165571711477
24.349999999999998	 1.746730808846154 	 1.638665457611793
24.439999999999998	 1.705868063384615 	 1.671180570957549
24.529999999999998	 1.651511603230769 	 1.6870852941859857
24.62	 1.5965724096153844 	 1.681873859569291
24.71	 1.5540479648461538 	 1.668663369866881
24.8	 1.5179760779999998 	 1.663952005193113
24.89	 1.4743474339230769 	 1.6722071977436908
24.98	 1.4212971023076917 	 1.6872284561967925
25.07	 1.3693733903846153 	 1.6998277382834202
25.16	 1.322140021461538 	 1.7038954948627925
25.25	 1.270356330307692 	 1.6988138439331408
25.34	 1.212292032846154 	 1.6850246446138244
25.43	 1.1543845323846151 	 1.6634121155169552
25.52	 1.1040663300769225 	 1.636535441489665
25.61	 1.059468640153846 	 1.6101927633070368
25.7	 1.0149911128461535 	 1.5856731816528056
25.79	 0.966972918307692 	 1.5585160972479077
25.88	 0.9141548994615387 	 1.5240348411571143
25.97	 0.8574866005384614 	 1.483367127614951
26.06	 0.8013641141538459 	 1.448708356393546
26.15	 0.754528000230769 	 1.4248026922602361
26.24	 0.7186649678461536 	 1.4012053717027173
26.33	 0.6794931750769229 	 1.3709035698616705
26.419999999999998	 0.6273576906153844 	 1.336523390995819
26.509999999999998	 0.571324093307692 	 1.2997643622935415
26.599999999999998	 0.5289063980769229 	 1.2601108512980514
26.689999999999998	 0.5009841925384613 	 1.2198380756626483
26.779999999999998	 0.4749979697692306 	 1.1863640859592188
26.869999999999997	 0.4428043863846154 	 1.1537822391658354
26.96	 0.4103250376153844 	 1.11413965557618
27.05	 0.38519350215384573 	 1.0671925471152806
27.14	 0.3641840428461538 	 1.0226907256031212
27.23	 0.3394047159999998 	 0.9903114611484477
27.32	 0.30580168961538434 	 0.9650253076015833
27.41	 0.26955169207692276 	 0.9345849727296102
27.5	 0.23832692523076893 	 0.894812028802776
27.59	 0.21294592069230744 	 0.8529370977615102
27.68	 0.1929903637692305 	 0.8225284165234209
27.77	 0.18228771269230748 	 0.8140175795061803
27.86	 0.18011517761538443 	 0.8250144848476202
27.95	 0.17993110792307654 	 0.8489791895657031
28.04	 0.17467655546153815 	 0.8893676279941535
28.13	 0.16057134807692275 	 0.9483317780917684
28.22	 0.14084954684615347 	 1.0169950957662153
28.31	 0.1218552279230769 	 1.0772562731375919
28.4	 0.10615012938461499 	 1.1198753222427247
28.49	 0.09266687107692273 	 1.1434337042591949
28.58	 0.08064577769230741 	 1.1524695360846435
28.669999999999998	 0.0673509708461536 	 1.1572213583333333
28.759999999999998	 0.0479418651538458 	 1.1675141675174048
28.849999999999998	 0.024394432538461297 	 1.1872970596509447
28.939999999999998	 0.006948386999999778 	 1.2093276257687837
29.029999999999998	 0.0012276793076920756 	 1.2257030590417073
29.119999999999997	 0.001197640923076504 	 1.2320097916054673
29.21	 0.0 	 1.23315547957816
29.3	 0.0002492334615380454 	 1.237681523691626
29.39	 0.009433517461538421 	 1.25402837825315
29.48	 0.027338318615384383 	 1.2861278187751601
29.57	 0.044393907692307555 	 1.3236777287796884
29.66	 0.054657268384615154 	 1.3537740891192842
29.75	 0.06363133992307657 	 1.3713831962236969
29.84	 0.07443535476923058 	 1.3830824454068984
29.93	 0.08526722053846125 	 1.3982350989826042
30.02	 0.094818582230769 	 1.4208002056463331
30.11	 0.1036890936923075 	 1.4503260547603207
30.2	 0.1109624549999998 	 1.4808186344677907
30.29	 0.11540258469230757 	 1.5071108161251916
30.38	 0.12349619638461506 	 1.5323455743895624
30.47	 0.14452553899999976 	 1.5635520798404376
30.56	 0.17910606946153818 	 1.6041991431184042
30.65	 0.21756403199999974 	 1.6497692943489208
30.74	 0.25392481561538416 	 1.6984515008716317
30.83	 0.28772362699999987 	 1.7512804904269184
30.919999999999998	 0.3187564450769229 	 1.8051627767409073
31.009999999999998	 0.34362399723076886 	 1.8573553091084727
31.099999999999998	 0.3625208929999999 	 1.9080228178825787
31.189999999999998	 0.3832020021538458 	 1.9582345345075451
31.279999999999998	 0.41228381553846116 	 2.0003473713277375
31.369999999999997	 0.44919655253846114 	 2.0269959423819204
31.459999999999997	 0.48208997499999984 	 2.0368951330532705
31.55	 0.5032364069999997 	 2.037508141874413
31.64	 0.519659907230769 	 2.0399159823465167
31.73	 0.5426237665384614 	 2.051397134469908
31.82	 0.5716994242307689 	 2.068591655051956
31.91	 0.5958798549230766 	 2.084190184372151
32.0	 0.6157362004615381 	 2.092573930425413
