#! FIELDS d1.y projection
#! SET min_d1.y -5.0
#! SET max_d1.y 12.0
#! SET nbins_d1.y  301
#! SET periodic_d1.y false
   -5.000000000   44.591241204
   -4.943333333   44.591241204
   -4.886666667   44.591241204
   -4.830000000   44.591241204
   -4.773333333   44.591241204
   -4.716666667   44.591231001
   -4.660000000   44.591212099
   -4.603333333   44.591136891
   -4.546666667   44.590915067
   -4.490000000   44.590424582
   -4.433333333   44.589333573
   -4.376666667   44.587006839
   -4.320000000   44.582513913
   -4.263333333   44.574156718
   -4.206666667   44.559384930
   -4.150000000   44.534421010
   -4.093333333   44.493885989
   -4.036666667   44.430787581
   -3.980000000   44.336867846
   -3.923333333   44.204056658
   -3.866666667   44.026966163
   -3.810000000   43.804510623
   -3.753333333   43.539341005
   -3.696666667   43.236056171
   -3.640000000   42.899461508
   -3.583333333   42.534109574
   -3.526666667   42.142825568
   -3.470000000   41.726974061
   -3.413333333   41.288401762
   -3.356666667   40.831473340
   -3.300000000   40.367153368
   -3.243333333   39.910568577
   -3.186666667   39.471321922
   -3.130000000   39.041926684
   -3.073333333   38.602537410
   -3.016666667   38.133412305
   -2.960000000   37.629818771
   -2.903333333   37.110427503
   -2.846666667   36.603908062
   -2.790000000   36.132713735
   -2.733333333   35.707803574
   -2.676666667   35.322238127
   -2.620000000   34.960963135
   -2.563333333   34.609756875
   -2.506666667   34.263569968
   -2.450000000   33.930364783
   -2.393333333   33.621622959
   -2.336666667   33.337214216
   -2.280000000   33.060529273
   -2.223333333   32.767693289
   -2.166666667   32.437980711
   -2.110000000   32.068539273
   -2.053333333   31.674991219
   -1.996666667   31.292018955
   -1.940000000   30.952249203
   -1.883333333   30.680696013
   -1.826666667   30.485834423
   -1.770000000   30.350215958
   -1.713333333   30.238595114
   -1.656666667   30.115271679
   -1.600000000   29.960759711
   -1.543333333   29.777961780
   -1.486666667   29.594292575
   -1.430000000   29.442691696
   -1.373333333   29.340014160
   -1.316666667   29.284790092
   -1.260000000   29.257459690
   -1.203333333   29.231118275
   -1.146666667   29.191561497
   -1.090000000   29.141293679
   -1.033333333   29.104662995
   -0.976666667   29.113633387
   -0.920000000   29.188096983
   -0.863333333   29.326217082
   -0.806666667   29.497934027
   -0.750000000   29.660144918
   -0.693333333   29.778075344
   -0.636666667   29.841064063
   -0.580000000   29.865943364
   -0.523333333   29.881597058
   -0.466666667   29.920191193
   -0.410000000   29.999933227
   -0.353333333   30.119713431
   -0.296666667   30.265992718
   -0.240000000   30.427943567
   -0.183333333   30.600387237
   -0.126666667   30.787594238
   -0.070000000   30.995507540
   -0.013333333   31.227893310
    0.043333333   31.483664506
    0.100000000   31.758371865
    0.156666667   32.052648006
    0.213333333   32.365949003
    0.270000000   32.703803440
    0.326666667   33.076247054
    0.383333333   33.485437130
    0.440000000   33.932017852
    0.496666667   34.404161880
    0.553333333   34.881475787
    0.610000000   35.343814940
    0.666666667   35.767264304
    0.723333333   36.134649924
    0.780000000   36.447252829
    0.836666667   36.724324168
    0.893333333   37.004175920
    0.950000000   37.328120080
    1.006666667   37.729712340
    1.063333333   38.214682934
    1.120000000   38.759648176
    1.176666667   39.325036704
    1.233333333   39.877951044
    1.290000000   40.406074930
    1.346666667   40.916108627
    1.403333333   41.414068306
    1.460000000   41.895708125
    1.516666667   42.351651088
    1.573333333   42.771714872
    1.630000000   43.149047643
    1.686666667   43.477324101
    1.743333333   43.751030748
    1.800000000   43.970283450
    1.856666667   44.139656015
    1.913333333   44.268442605
    1.970000000   44.365268924
    2.026666667   44.437144696
    2.083333333   44.489626338
    2.140000000   44.526627105
    2.196666667   44.551795373
    2.253333333   44.568212584
    2.310000000   44.578220228
    2.366666667   44.583856819
    2.423333333   44.586452565
    2.480000000   44.586736669
    2.536666667   44.584839322
    2.593333333   44.580602863
    2.650000000   44.573505697
    2.706666667   44.562769166
    2.763333333   44.547695247
    2.820000000   44.527534356
    2.876666667   44.501655736
    2.933333333   44.469033977
    2.990000000   44.427698360
    3.046666667   44.374443247
    3.103333333   44.304291950
    3.160000000   44.210909566
    3.216666667   44.086823148
    3.273333333   43.924442376
    3.330000000   43.717796136
    3.386666667   43.465209983
    3.443333333   43.172696233
    3.500000000   42.855426867
    3.556666667   42.534884828
    3.613333333   42.230640034
    3.670000000   41.947619060
    3.726666667   41.668852995
    3.783333333   41.362585082
    3.840000000   40.997262321
    3.896666667   40.557247612
    3.953333333   40.047572785
    4.010000000   39.489492038
    4.066666667   38.913178182
    4.123333333   38.345347833
    4.180000000   37.795314357
    4.236666667   37.250402547
    4.293333333   36.686914189
    4.350000000   36.090044725
    4.406666667   35.465029303
    4.463333333   34.832274028
    4.520000000   34.216348222
    4.576666667   33.630618709
    4.633333333   33.069751080
    4.690000000   32.511594215
    4.746666667   31.925632369
    4.803333333   31.287929672
    4.860000000   30.598735093
    4.916666667   29.881266738
    4.973333333   29.172182866
    5.030000000   28.499228887
    5.086666667   27.870783917
    5.143333333   27.275452182
    5.200000000   26.692460363
    5.256666667   26.093059679
    5.313333333   25.452281867
    5.370000000   24.763585985
    5.426666667   24.041492308
    5.483333333   23.313758599
    5.540000000   22.607210880
    5.596666667   21.929621322
    5.653333333   21.271401773
    5.710000000   20.614577172
    5.766666667   19.943739975
    5.823333333   19.256146898
    5.880000000   18.557748929
    5.936666667   17.859260959
    5.993333333   17.171386821
    6.050000000   16.499568782
    6.106666667   15.845331487
    6.163333333   15.210514722
    6.220000000   14.590767127
    6.276666667   13.978146311
    6.333333333   13.371076602
    6.390000000   12.764796586
    6.446666667   12.162025154
    6.503333333   11.562769146
    6.560000000   10.969326265
    6.616666667   10.382058911
    6.673333333    9.804917905
    6.730000000    9.239895234
    6.786666667    8.691021558
    6.843333333    8.161890734
    6.900000000    7.655136143
    6.956666667    7.169307109
    7.013333333    6.700823506
    7.070000000    6.248540467
    7.126666667    5.808303567
    7.183333333    5.377924454
    7.240000000    4.951707130
    7.296666667    4.527632507
    7.353333333    4.105233817
    7.410000000    3.690153639
    7.466666667    3.293688520
    7.523333333    2.923604060
    7.580000000    2.579779276
    7.636666667    2.257244662
    7.693333333    1.948783547
    7.750000000    1.655041286
    7.806666667    1.381423922
    7.863333333    1.138085463
    7.920000000    0.931935842
    7.976666667    0.765725832
    8.033333333    0.626089349
    8.090000000    0.499473157
    8.146666667    0.374164047
    8.203333333    0.247382151
    8.260000000    0.130549119
    8.316666667    0.042366769
    8.373333333    0.000000000
    8.430000000    0.014173699
    8.486666667    0.083164442
    8.543333333    0.197931430
    8.600000000    0.345479066
    8.656666667    0.513429970
    8.713333333    0.700974553
    8.770000000    0.908975072
    8.826666667    1.143096165
    8.883333333    1.408703878
    8.940000000    1.710137095
    8.996666667    2.049458435
    9.053333333    2.430794809
    9.110000000    2.858593950
    9.166666667    3.337635705
    9.223333333    3.866663305
    9.280000000    4.439959611
    9.336666667    5.049348204
    9.393333333    5.690404856
    9.450000000    6.366137964
    9.506666667    7.085883109
    9.563333333    7.857763855
    9.620000000    8.679498322
    9.676666667    9.543806571
    9.733333333   10.441893779
    9.790000000   11.373668567
    9.846666667   12.350391882
    9.903333333   13.387528122
    9.960000000   14.492765758
   10.016666667   15.662161123
   10.073333333   16.881146743
   10.130000000   18.134036299
   10.186666667   19.415508798
   10.243333333   20.734640395
   10.300000000   22.108393726
   10.356666667   23.552919859
   10.413333333   25.082200316
   10.470000000   26.707896016
   10.526666667   28.439586947
   10.583333333   30.280924318
   10.640000000   32.222524037
   10.696666667   34.233886662
   10.753333333   36.264799934
   10.810000000   38.233884025
   10.866666667   40.030776811
   10.923333333   41.534279287
   10.980000000   42.662536925
   11.036666667   43.424628909
   11.093333333   43.902170143
   11.150000000   44.189658871
   11.206666667   44.360588666
   11.263333333   44.461649820
   11.320000000   44.520566521
   11.376666667   44.554256908
   11.433333333   44.572812630
   11.490000000   44.582525737
   11.546666667   44.587384177
   11.603333333   44.589651530
   11.660000000   44.590698504
   11.716666667   44.591070129
   11.773333333   44.591203330
   11.830000000   44.591241204
   11.886666667   44.591241204
   11.943333333   44.591241204
   12.000000000   44.591241204
