#! FIELDS d1.y projection
#! SET min_d1.y -5.0
#! SET max_d1.y 12.0
#! SET nbins_d1.y  301
#! SET periodic_d1.y false
   -5.000000000   58.301805474
   -4.943333333   58.294752573
   -4.886666667   58.279474197
   -4.830000000   58.251338878
   -4.773333333   58.207306019
   -4.716666667   58.145523656
   -4.660000000   58.057431532
   -4.603333333   57.929982519
   -4.546666667   57.771680137
   -4.490000000   57.611928467
   -4.433333333   57.445716663
   -4.376666667   57.215966993
   -4.320000000   56.853834100
   -4.263333333   56.299980993
   -4.206666667   55.533276606
   -4.150000000   54.590168322
   -4.093333333   53.535492560
   -4.036666667   52.460991772
   -3.980000000   51.484987247
   -3.923333333   50.678842161
   -3.866666667   50.019624896
   -3.810000000   49.445006766
   -3.753333333   48.902143253
   -3.696666667   48.349586969
   -3.640000000   47.754046663
   -3.583333333   47.070054060
   -3.526666667   46.252658009
   -3.470000000   45.317820456
   -3.413333333   44.340316534
   -3.356666667   43.398747492
   -3.300000000   42.584153195
   -3.243333333   41.950441139
   -3.186666667   41.407204792
   -3.130000000   40.805553800
   -3.073333333   40.086165255
   -3.016666667   39.293400063
   -2.960000000   38.545582557
   -2.903333333   37.996591458
   -2.846666667   37.717121002
   -2.790000000   37.583843460
   -2.733333333   37.395974596
   -2.676666667   37.040418730
   -2.620000000   36.515785578
   -2.563333333   35.907846333
   -2.506666667   35.323072966
   -2.450000000   34.779643820
   -2.393333333   34.239935569
   -2.336666667   33.703461571
   -2.280000000   33.235382928
   -2.223333333   32.881558731
   -2.166666667   32.569601069
   -2.110000000   32.183035633
   -2.053333333   31.719080129
   -1.996666667   31.246030894
   -1.940000000   30.849786592
   -1.883333333   30.558059012
   -1.826666667   30.308116824
   -1.770000000   30.098174843
   -1.713333333   29.937369433
   -1.656666667   29.653274902
   -1.600000000   29.113232254
   -1.543333333   28.506084748
   -1.486666667   28.144450377
   -1.430000000   28.092318128
   -1.373333333   28.127221291
   -1.316666667   28.028634017
   -1.260000000   27.800634198
   -1.203333333   27.599546314
   -1.146666667   27.494036265
   -1.090000000   27.431911290
   -1.033333333   27.396731768
   -0.976666667   27.423331800
   -0.920000000   27.497030124
   -0.863333333   27.534481657
   -0.806666667   27.481852606
   -0.750000000   27.354412918
   -0.693333333   27.195667106
   -0.636666667   27.021293877
   -0.580000000   26.847205529
   -0.523333333   26.718415597
   -0.466666667   26.655344276
   -0.410000000   26.648163296
   -0.353333333   26.714023562
   -0.296666667   26.868276805
   -0.240000000   27.042014791
   -0.183333333   27.143948514
   -0.126666667   27.193539948
   -0.070000000   27.277113421
   -0.013333333   27.393233669
    0.043333333   27.497751295
    0.100000000   27.607463925
    0.156666667   27.779057736
    0.213333333   27.998959198
    0.270000000   28.174660631
    0.326666667   28.282354732
    0.383333333   28.414267790
    0.440000000   28.626164591
    0.496666667   28.896889548
    0.553333333   29.190347346
    0.610000000   29.495937553
    0.666666667   29.840758873
    0.723333333   30.248066220
    0.780000000   30.661896086
    0.836666667   30.986735488
    0.893333333   31.199320180
    0.950000000   31.416018306
    1.006666667   31.787360971
    1.063333333   32.329054784
    1.120000000   32.913608223
    1.176666667   33.373054780
    1.233333333   33.644502716
    1.290000000   33.854586820
    1.346666667   34.166455389
    1.403333333   34.613037023
    1.460000000   35.126338477
    1.516666667   35.637718577
    1.573333333   36.130593479
    1.630000000   36.631664102
    1.686666667   37.170432843
    1.743333333   37.737432471
    1.800000000   38.286084538
    1.856666667   38.758644456
    1.913333333   39.165416449
    1.970000000   39.607838407
    2.026666667   40.145029061
    2.083333333   40.760666021
    2.140000000   41.399277623
    2.196666667   42.079415715
    2.253333333   42.852549085
    2.310000000   43.688668587
    2.366666667   44.490136962
    2.423333333   45.170734642
    2.480000000   45.743778404
    2.536666667   46.241443776
    2.593333333   46.574752842
    2.650000000   46.641748136
    2.706666667   46.491955773
    2.763333333   46.256130278
    2.820000000   45.989754824
    2.876666667   45.646130358
    2.933333333   45.220636608
    2.990000000   44.779262630
    3.046666667   44.332089447
    3.103333333   43.886137379
    3.160000000   43.436342159
    3.216666667   42.948022833
    3.273333333   42.445257395
    3.330000000   41.979685168
    3.386666667   41.532487681
    3.443333333   41.054147119
    3.500000000   40.561258130
    3.556666667   40.073288782
    3.613333333   39.562650964
    3.670000000   38.990575635
    3.726666667   38.346172950
    3.783333333   37.654468901
    3.840000000   37.019279856
    3.896666667   36.546470425
    3.953333333   36.165068627
    4.010000000   35.712745111
    4.066666667   35.157634150
    4.123333333   34.593754455
    4.180000000   34.076501934
    4.236666667   33.596910134
    4.293333333   33.150258475
    4.350000000   32.729931759
    4.406666667   32.292452814
    4.463333333   31.793361864
    4.520000000   31.247266747
    4.576666667   30.704638865
    4.633333333   30.179450125
    4.690000000   29.638325373
    4.746666667   29.055304076
    4.803333333   28.434083443
    4.860000000   27.793785707
    4.916666667   27.127003546
    4.973333333   26.439648579
    5.030000000   25.781601210
    5.086666667   25.196655050
    5.143333333   24.681179401
    5.200000000   24.176925733
    5.256666667   23.617787122
    5.313333333   22.988829028
    5.370000000   22.306735590
    5.426666667   21.590035623
    5.483333333   20.891817641
    5.540000000   20.254058948
    5.596666667   19.652219198
    5.653333333   19.029319228
    5.710000000   18.364577788
    5.766666667   17.696536758
    5.823333333   17.071611034
    5.880000000   16.498702179
    5.936666667   15.957383593
    5.993333333   15.400264477
    6.050000000   14.811679009
    6.106666667   14.236035888
    6.163333333   13.690401767
    6.220000000   13.126594672
    6.276666667   12.513418632
    6.333333333   11.873791441
    6.390000000   11.259937530
    6.446666667   10.704011228
    6.503333333   10.209224868
    6.560000000    9.731089060
    6.616666667    9.231953960
    6.673333333    8.745296026
    6.730000000    8.289706989
    6.786666667    7.827570679
    6.843333333    7.315301081
    6.900000000    6.771549047
    6.956666667    6.261095655
    7.013333333    5.822134662
    7.070000000    5.439630598
    7.126666667    5.050716377
    7.183333333    4.609206230
    7.240000000    4.120230912
    7.296666667    3.658990089
    7.353333333    3.306199571
    7.410000000    3.032914700
    7.466666667    2.738553040
    7.523333333    2.396455842
    7.580000000    2.077536536
    7.636666667    1.844507202
    7.693333333    1.670280812
    7.750000000    1.476711604
    7.806666667    1.224733393
    7.863333333    0.954958263
    7.920000000    0.743252675
    7.976666667    0.610574844
    8.033333333    0.501276988
    8.090000000    0.378657948
    8.146666667    0.252278936
    8.203333333    0.128813112
    8.260000000    0.026148289
    8.316666667    0.000000000
    8.373333333    0.075532269
    8.430000000    0.189727906
    8.486666667    0.301312944
    8.543333333    0.425048548
    8.600000000    0.563955730
    8.656666667    0.715176039
    8.713333333    0.883835812
    8.770000000    1.084682299
    8.826666667    1.330565198
    8.883333333    1.624024790
    8.940000000    1.951329375
    8.996666667    2.295738999
    9.053333333    2.650755076
    9.110000000    3.003403708
    9.166666667    3.368448705
    9.223333333    3.814243731
    9.280000000    4.368121324
    9.336666667    4.987800315
    9.393333333    5.631179223
    9.450000000    6.302708361
    9.506666667    7.023160441
    9.563333333    7.796542143
    9.620000000    8.613777102
    9.676666667    9.467584243
    9.733333333   10.368053029
    9.790000000   11.302921588
    9.846666667   12.236346873
    9.903333333   13.181265570
    9.960000000   14.199807483
   10.016666667   15.346851435
   10.073333333   16.598036144
   10.130000000   17.847850681
   10.186666667   19.063009679
   10.243333333   20.326324711
   10.300000000   21.697326436
   10.356666667   23.160418268
   10.413333333   24.677937744
   10.470000000   26.232934611
   10.526666667   27.806502764
   10.583333333   29.408338292
   10.640000000   31.090784820
   10.696666667   32.877585025
   10.753333333   34.733246410
   10.810000000   36.601765579
   10.866666667   38.452417442
   10.923333333   40.303481022
   10.980000000   42.230555299
   11.036666667   44.343651355
   11.093333333   46.700135488
   11.150000000   49.245229078
   11.206666667   51.813136512
   11.263333333   54.162498614
   11.320000000   56.018931680
   11.376666667   57.211459804
   11.433333333   57.833121413
   11.490000000   58.115932446
   11.546666667   58.235605998
   11.603333333   58.282736179
   11.660000000   58.299314913
   11.716666667   58.304288436
   11.773333333   58.305556440
   11.830000000   58.305769809
   11.886666667   58.305784079
   11.943333333   58.305784079
   12.000000000   58.305784079
