#! FIELDS d1.x projection
#! SET min_d1.x -5.0
#! SET max_d1.x 31.0
#! SET nbins_d1.x  301
#! SET periodic_d1.x false
   -5.000000000   57.625632766
   -4.880000000   57.625632766
   -4.760000000   57.625632766
   -4.640000000   57.625632766
   -4.520000000   57.625632766
   -4.400000000   57.625632766
   -4.280000000   57.625632766
   -4.160000000   57.625632766
   -4.040000000   57.625632766
   -3.920000000   57.625632766
   -3.800000000   57.625632766
   -3.680000000   57.625632766
   -3.560000000   57.625632766
   -3.440000000   57.625632766
   -3.320000000   57.625632766
   -3.200000000   57.625632766
   -3.080000000   57.625632766
   -2.960000000   57.625632766
   -2.840000000   57.625632766
   -2.720000000   57.625632766
   -2.600000000   57.625632766
   -2.480000000   57.625632766
   -2.360000000   57.625632766
   -2.240000000   57.625632766
   -2.120000000   57.625632766
   -2.000000000   57.625632766
   -1.880000000   57.625632766
   -1.760000000   57.625632766
   -1.640000000   57.625632766
   -1.520000000   57.625632766
   -1.400000000   57.625632766
   -1.280000000   57.625632766
   -1.160000000   57.625632766
   -1.040000000   57.625632766
   -0.920000000   57.625632766
   -0.800000000   57.625632766
   -0.680000000   57.625632766
   -0.560000000   57.625632766
   -0.440000000   57.625632766
   -0.320000000   57.625632766
   -0.200000000   57.625632766
   -0.080000000   57.625632766
    0.040000000   57.625632766
    0.160000000   57.625632766
    0.280000000   57.625632766
    0.400000000   57.625632766
    0.520000000   57.625632766
    0.640000000   57.625632766
    0.760000000   57.625632766
    0.880000000   57.625632766
    1.000000000   57.625632766
    1.120000000   57.625632766
    1.240000000   57.625632766
    1.360000000   57.625632766
    1.480000000   57.625632766
    1.600000000   57.625632766
    1.720000000   57.625632766
    1.840000000   57.625632766
    1.960000000   57.625632766
    2.080000000   57.625632766
    2.200000000   57.625632766
    2.320000000   57.625632766
    2.440000000   57.625632766
    2.560000000   57.625632766
    2.680000000   57.625632766
    2.800000000   57.625632766
    2.920000000   57.625632766
    3.040000000   57.625632766
    3.160000000   57.625632766
    3.280000000   57.625632766
    3.400000000   57.625632766
    3.520000000   57.625632766
    3.640000000   57.625632766
    3.760000000   57.625632766
    3.880000000   57.625632766
    4.000000000   57.625632766
    4.120000000   57.625632766
    4.240000000   57.625632766
    4.360000000   57.625632766
    4.480000000   57.625625600
    4.600000000   57.625566113
    4.720000000   57.625171652
    4.840000000   57.623439162
    4.960000000   57.618033848
    5.080000000   57.606200574
    5.200000000   57.588890908
    5.320000000   57.573482928
    5.440000000   57.565099131
    5.560000000   57.557771226
    5.680000000   57.541511591
    5.800000000   57.514557978
    5.920000000   57.474511904
    6.040000000   57.418329964
    6.160000000   57.352951812
    6.280000000   57.275930739
    6.400000000   57.175463887
    6.520000000   57.055037095
    6.640000000   56.929109016
    6.760000000   56.811388060
    6.880000000   56.664774797
    7.000000000   56.442507448
    7.120000000   56.188357917
    7.240000000   55.964330161
    7.360000000   55.722102939
    7.480000000   55.391205553
    7.600000000   54.994230688
    7.720000000   54.619129119
    7.840000000   54.276548441
    7.960000000   53.915610426
    8.080000000   53.539467508
    8.200000000   53.106782733
    8.320000000   52.481814273
    8.440000000   51.618127001
    8.560000000   50.576405285
    8.680000000   49.512256620
    8.800000000   48.491884269
    8.920000000   47.436682378
    9.040000000   46.217915355
    9.160000000   44.875184398
    9.280000000   43.683878355
    9.400000000   42.699723385
    9.520000000   41.793337387
    9.640000000   40.864107267
    9.760000000   39.907720695
    9.880000000   38.956760140
   10.000000000   37.981930309
   10.120000000   37.052585172
   10.240000000   36.205658689
   10.360000000   35.385957524
   10.480000000   34.508658194
   10.600000000   33.587149080
   10.720000000   32.756336799
   10.840000000   32.058686458
   10.960000000   31.430017422
   11.080000000   30.720855084
   11.200000000   29.875635946
   11.320000000   29.032000451
   11.440000000   28.293703641
   11.560000000   27.623449435
   11.680000000   26.916266522
   11.800000000   26.185086387
   11.920000000   25.537883445
   12.040000000   24.956446381
   12.160000000   24.336333892
   12.280000000   23.619938967
   12.400000000   22.825638217
   12.520000000   22.066807173
   12.640000000   21.436603046
   12.760000000   20.884047447
   12.880000000   20.290275576
   13.000000000   19.638996812
   13.120000000   18.893845032
   13.240000000   18.089230945
   13.360000000   17.381084601
   13.480000000   16.796591540
   13.600000000   16.223994362
   13.720000000   15.601820824
   13.840000000   14.987285990
   13.960000000   14.433935224
   14.080000000   13.879027327
   14.200000000   13.263270950
   14.320000000   12.658032717
   14.440000000   12.106990245
   14.560000000   11.572407520
   14.680000000   11.058795243
   14.800000000   10.572772899
   14.920000000   10.028530764
   15.040000000    9.385376232
   15.160000000    8.742620972
   15.280000000    8.203192870
   15.400000000    7.765198887
   15.520000000    7.313023420
   15.640000000    6.839948459
   15.760000000    6.464343821
   15.880000000    6.218399347
   16.000000000    5.980104934
   16.120000000    5.672411790
   16.240000000    5.308029416
   16.360000000    4.936671345
   16.480000000    4.614551822
   16.600000000    4.311795230
   16.720000000    3.927739925
   16.840000000    3.503996779
   16.960000000    3.147890201
   17.080000000    2.860950504
   17.200000000    2.541853178
   17.320000000    2.297122183
   17.440000000    2.270556662
   17.560000000    2.306597341
   17.680000000    2.133365437
   17.800000000    1.768557381
   17.920000000    1.454401595
   18.040000000    1.293121726
   18.160000000    1.151668855
   18.280000000    0.953665896
   18.400000000    0.740645960
   18.520000000    0.576479553
   18.640000000    0.499465682
   18.760000000    0.518081384
   18.880000000    0.544831122
   19.000000000    0.478333057
   19.120000000    0.339775503
   19.240000000    0.224259681
   19.360000000    0.148313637
   19.480000000    0.073543895
   19.600000000    0.000000000
   19.720000000    0.033353762
   19.840000000    0.188978608
   19.960000000    0.293758572
   20.080000000    0.337964606
   20.200000000    0.473587524
   20.320000000    0.677560583
   20.440000000    0.788649421
   20.560000000    0.835082096
   20.680000000    0.989698211
   20.800000000    1.224529049
   20.920000000    1.410283623
   21.040000000    1.529795136
   21.160000000    1.670204460
   21.280000000    1.893219321
   21.400000000    2.139787477
   21.520000000    2.300820305
   21.640000000    2.423038014
   21.760000000    2.672359156
   21.880000000    3.039719421
   22.000000000    3.334015347
   22.120000000    3.501428681
   22.240000000    3.704297611
   22.360000000    4.078482515
   22.480000000    4.531098753
   22.600000000    4.903112194
   22.720000000    5.245916472
   22.840000000    5.708496363
   22.960000000    6.268167688
   23.080000000    6.826494491
   23.200000000    7.294937424
   23.320000000    7.615670586
   23.440000000    7.867282255
   23.560000000    8.176049088
   23.680000000    8.559387027
   23.800000000    9.009821580
   23.920000000    9.543556539
   24.040000000   10.160397592
   24.160000000   10.760348842
   24.280000000   11.291785246
   24.400000000   11.838440840
   24.520000000   12.442529221
   24.640000000   13.037488381
   24.760000000   13.657443074
   24.880000000   14.366381353
   25.000000000   15.136187850
   25.120000000   15.934837605
   25.240000000   16.655945100
   25.360000000   17.240791670
   25.480000000   17.717923123
   25.600000000   18.195819012
   25.720000000   18.771293702
   25.840000000   19.536864153
   25.960000000   20.434144041
   26.080000000   21.184404572
   26.200000000   21.695611052
   26.320000000   22.228008242
   26.440000000   22.940660570
   26.560000000   23.757225457
   26.680000000   24.666471185
   26.800000000   25.603526225
   26.920000000   26.532670795
   27.040000000   27.435999401
   27.160000000   28.285578883
   27.280000000   29.175038517
   27.400000000   30.145358164
   27.520000000   31.096743139
   27.640000000   31.952430739
   27.760000000   32.803169811
   27.880000000   33.742128133
   28.000000000   34.693178480
   28.120000000   35.614296888
   28.240000000   36.515223942
   28.360000000   37.554023366
   28.480000000   38.926859508
   28.600000000   40.366571379
   28.720000000   41.476118991
   28.840000000   42.290438168
   28.960000000   43.073659370
   29.080000000   43.900838257
   29.200000000   44.763419995
   29.320000000   45.663331378
   29.440000000   46.665867768
   29.560000000   47.818671192
   29.680000000   49.054043045
   29.800000000   50.331696408
   29.920000000   51.525616758
   30.040000000   52.530004152
   30.160000000   53.527420707
   30.280000000   54.575962558
   30.400000000   55.468957161
   30.520000000   56.171688830
   30.640000000   56.771407846
   30.760000000   57.210161012
   30.880000000   57.442153848
   31.000000000   57.540993649
