#! FIELDS xydist projection
#! SET min_xydist 0.0
#! SET max_xydist 12.0
#! SET nbins_xydist  301
#! SET periodic_xydist false
    0.000000000   13.401477304
    0.040000000   10.189001363
    0.080000000    8.719266793
    0.120000000    8.633294004
    0.160000000    9.158857120
    0.200000000    9.629730267
    0.240000000    9.758469139
    0.280000000    9.581724973
    0.320000000    9.269941494
    0.360000000    8.980573795
    0.400000000    8.816537348
    0.440000000    8.766960569
    0.480000000    8.797466825
    0.520000000    8.819213506
    0.560000000    8.771436559
    0.600000000    8.661150082
    0.640000000    8.524040718
    0.680000000    8.387873721
    0.720000000    8.281751254
    0.760000000    8.224131570
    0.800000000    8.223449959
    0.840000000    8.255356590
    0.880000000    8.277193639
    0.920000000    8.237792946
    0.960000000    8.105184679
    1.000000000    7.891998972
    1.040000000    7.672753197
    1.080000000    7.524448533
    1.120000000    7.471729720
    1.160000000    7.466616142
    1.200000000    7.429459507
    1.240000000    7.323793962
    1.280000000    7.166645518
    1.320000000    6.989185200
    1.360000000    6.805294972
    1.400000000    6.616350162
    1.440000000    6.445040586
    1.480000000    6.318702343
    1.520000000    6.245522856
    1.560000000    6.187120819
    1.600000000    6.086687972
    1.640000000    5.917351615
    1.680000000    5.700407374
    1.720000000    5.489044636
    1.760000000    5.322817098
    1.800000000    5.189835228
    1.840000000    5.056233046
    1.880000000    4.897362436
    1.920000000    4.740485061
    1.960000000    4.621138816
    2.000000000    4.538726175
    2.040000000    4.441259606
    2.080000000    4.280954450
    2.120000000    4.057181052
    2.160000000    3.826895322
    2.200000000    3.644582558
    2.240000000    3.519070607
    2.280000000    3.413344905
    2.320000000    3.284428878
    2.360000000    3.121010417
    2.400000000    2.947275542
    2.440000000    2.791742378
    2.480000000    2.659492806
    2.520000000    2.547759929
    2.560000000    2.437507462
    2.600000000    2.311266806
    2.640000000    2.154848946
    2.680000000    1.974055671
    2.720000000    1.798118402
    2.760000000    1.658556460
    2.800000000    1.564613473
    2.840000000    1.497716335
    2.880000000    1.423009842
    2.920000000    1.324701099
    2.960000000    1.204529114
    3.000000000    1.071119050
    3.040000000    0.922618975
    3.080000000    0.777038497
    3.120000000    0.656338884
    3.160000000    0.575382320
    3.200000000    0.512082918
    3.240000000    0.424610545
    3.280000000    0.298792097
    3.320000000    0.166159196
    3.360000000    0.068210556
    3.400000000    0.017252694
    3.440000000    0.000000000
    3.480000000    0.004251170
    3.520000000    0.023834084
    3.560000000    0.046128008
    3.600000000    0.060721420
    3.640000000    0.080889606
    3.680000000    0.146228781
    3.720000000    0.292111971
    3.760000000    0.525452350
    3.800000000    0.810843463
    3.840000000    1.103803842
    3.880000000    1.366364915
    3.920000000    1.579702660
    3.960000000    1.742407201
    4.000000000    1.891643792
    4.040000000    2.045111192
    4.080000000    2.176036792
    4.120000000    2.248209696
    4.160000000    2.271352771
    4.200000000    2.288037630
    4.240000000    2.336899323
    4.280000000    2.408472398
    4.320000000    2.484228638
    4.360000000    2.559967726
    4.400000000    2.650571027
    4.440000000    2.765828832
    4.480000000    2.907600525
    4.520000000    3.071236684
    4.560000000    3.273818476
    4.600000000    3.539238757
    4.640000000    3.874706272
    4.680000000    4.253607629
    4.720000000    4.627536023
    4.760000000    4.976270904
    4.800000000    5.318479458
    4.840000000    5.681766722
    4.880000000    6.085767795
    4.920000000    6.535705759
    4.960000000    7.012218612
    5.000000000    7.469136762
    5.040000000    7.883837153
    5.080000000    8.274333488
    5.120000000    8.664131968
    5.160000000    9.043625494
    5.200000000    9.387768532
    5.240000000    9.705516991
    5.280000000   10.027831415
    5.320000000   10.348902866
    5.360000000   10.644810247
    5.400000000   10.916451842
    5.440000000   11.164144672
    5.480000000   11.370314780
    5.520000000   11.531193832
    5.560000000   11.678449763
    5.600000000   11.834725644
    5.640000000   11.982613031
    5.680000000   12.103394095
    5.720000000   12.209706283
    5.760000000   12.326324810
    5.800000000   12.443622782
    5.840000000   12.538011684
    5.880000000   12.594787625
    5.920000000   12.623357716
    5.960000000   12.646020428
    6.000000000   12.669900949
    6.040000000   12.680592089
    6.080000000   12.673564600
    6.120000000   12.672515809
    6.160000000   12.698429660
    6.200000000   12.746104535
    6.240000000   12.791504486
    6.280000000   12.809406931
    6.320000000   12.797593422
    6.360000000   12.766952296
    6.400000000   12.734227527
    6.440000000   12.706539439
    6.480000000   12.686162370
    6.520000000   12.670141327
    6.560000000   12.660305928
    6.600000000   12.663514900
    6.640000000   12.672680669
    6.680000000   12.661128419
    6.720000000   12.611431616
    6.760000000   12.532935440
    6.800000000   12.451523275
    6.840000000   12.397414628
    6.880000000   12.396150798
    6.920000000   12.441194408
    6.960000000   12.507781387
    7.000000000   12.571372164
    7.040000000   12.620330307
    7.080000000   12.653331150
    7.120000000   12.677067684
    7.160000000   12.698105950
    7.200000000   12.710347214
    7.240000000   12.709949585
    7.280000000   12.702446037
    7.320000000   12.688183406
    7.360000000   12.667982208
    7.400000000   12.647949372
    7.440000000   12.636393774
    7.480000000   12.632718914
    7.520000000   12.619394350
    7.560000000   12.578768775
    7.600000000   12.516714748
    7.640000000   12.467509931
    7.680000000   12.455819761
    7.720000000   12.465956001
    7.760000000   12.468999076
    7.800000000   12.452141998
    7.840000000   12.429226611
    7.880000000   12.426488278
    7.920000000   12.448577527
    7.960000000   12.476762179
    8.000000000   12.487462163
    8.040000000   12.474962428
    8.080000000   12.448107938
    8.120000000   12.418062123
    8.160000000   12.399319361
    8.200000000   12.386282342
    8.240000000   12.351347524
    8.280000000   12.285648594
    8.320000000   12.212748481
    8.360000000   12.162490281
    8.400000000   12.152538162
    8.440000000   12.182433676
    8.480000000   12.218754124
    8.520000000   12.225789588
    8.560000000   12.195122112
    8.600000000   12.147466351
    8.640000000   12.108349634
    8.680000000   12.083053290
    8.720000000   12.062054064
    8.760000000   12.033557848
    8.800000000   11.991402322
    8.840000000   11.935027917
    8.880000000   11.879323302
    8.920000000   11.849026905
    8.960000000   11.854126638
    9.000000000   11.883961324
    9.040000000   11.911283274
    9.080000000   11.902770141
    9.120000000   11.847045025
    9.160000000   11.767785359
    9.200000000   11.701092139
    9.240000000   11.669707781
    9.280000000   11.666977492
    9.320000000   11.672284106
    9.360000000   11.670768811
    9.400000000   11.655093371
    9.440000000   11.629334242
    9.480000000   11.618075177
    9.520000000   11.633537098
    9.560000000   11.665825634
    9.600000000   11.690780626
    9.640000000   11.690666656
    9.680000000   11.674734644
    9.720000000   11.664057813
    9.760000000   11.662638494
    9.800000000   11.650341939
    9.840000000   11.611158761
    9.880000000   11.546882512
    9.920000000   11.476616400
    9.960000000   11.419593358
   10.000000000   11.379152031
   10.040000000   11.353145230
   10.080000000   11.332857075
   10.120000000   11.304829943
   10.160000000   11.260451677
   10.200000000   11.205850946
   10.240000000   11.161071218
   10.280000000   11.142160061
   10.320000000   11.150696469
   10.360000000   11.178201472
   10.400000000   11.203470143
   10.440000000   11.202836606
   10.480000000   11.162780732
   10.520000000   11.087897077
   10.560000000   10.993819697
   10.600000000   10.906648401
   10.640000000   10.848131281
   10.680000000   10.813967131
   10.720000000   10.787275793
   10.760000000   10.762375694
   10.800000000   10.747993499
   10.840000000   10.737904178
   10.880000000   10.711190915
   10.920000000   10.647895116
   10.960000000   10.551855447
   11.000000000   10.464218178
   11.040000000   10.429590690
   11.080000000   10.458584186
   11.120000000   10.507915784
   11.160000000   10.533293587
   11.200000000   10.519409000
   11.240000000   10.491366063
   11.280000000   10.476055029
   11.320000000   10.478502257
   11.360000000   10.475311547
   11.400000000   10.446438850
   11.440000000   10.395949876
   11.480000000   10.346274094
   11.520000000   10.314297867
   11.560000000   10.297998328
   11.600000000   10.286847080
   11.640000000   10.261451871
   11.680000000   10.200871808
   11.720000000   10.102401775
   11.760000000    9.991556988
   11.800000000    9.903972511
   11.840000000    9.868414647
   11.880000000    9.884706523
   11.920000000    9.915837838
   11.960000000    9.926376800
   12.000000000    9.903924503
