#! FIELDS distance ffz2 dffz2_distance
#! SET normalisation  1.000000
#! SET min_distance 7.6
#! SET max_distance 20.0
#! SET nbins_distance  500
#! SET periodic_distance false
 7.600000 -16.965039 -19.617274
 7.624800 -17.584348 -19.463914
 7.649600 -18.116759 -18.776869
 7.674400 -18.631051 -18.212950
 7.699200 -19.146546 -17.850057
 7.724000 -19.682986 -17.809891
 7.748800 -20.139583 -17.160819
 7.773600 -20.581205 -16.529916
 7.798400 -21.004355 -15.913305
 7.823200 -21.404584 -15.222792
 7.848000 -21.785202 -14.534702
 7.872800 -22.153602 -13.958531
 7.897600 -22.553173 -14.165683
 7.922400 -22.917128 -13.986119
 7.947200 -23.277556 -13.883245
 7.972000 -23.631134 -13.751142
 7.996800 -23.972693 -13.466730
 8.021600 -24.309256 -13.144869
 8.046400 -24.631636 -12.642884
 8.071200 -24.955729 -12.318034
 8.096000 -25.256198 -11.742896
 8.120800 -25.543911 -11.185052
 8.145600 -25.822164 -10.752547
 8.170400 -26.087808 -10.365843
 8.195200 -26.343728 -10.061048
 8.220000 -26.597393 -9.936203
 8.244800 -26.847646 -9.886441
 8.269600 -27.094006 -9.820695
 8.294400 -27.340488 -9.782604
 8.319200 -27.583638 -9.672885
 8.344000 -27.823698 -9.512177
 8.368800 -28.059388 -9.305604
 8.393600 -28.288536 -9.039272
 8.418400 -28.509971 -8.726821
 8.443200 -28.723516 -8.394469
 8.468000 -28.927216 -8.018125
 8.492800 -29.121959 -7.639741
 8.517600 -29.307486 -7.264257
 8.542400 -29.482993 -6.875945
 8.567200 -29.648945 -6.488812
 8.592000 -29.805198 -6.097855
 8.616800 -29.951540 -5.695967
 8.641600 -30.087846 -5.281976
 8.666400 -30.213721 -4.851694
 8.691200 -30.328617 -4.401627
 8.716000 -30.432066 -3.934382
 8.740800 -30.523789 -3.459314
 8.765600 -30.603754 -2.989895
 8.790400 -30.672331 -2.544183
 8.815200 -30.730336 -2.141301
 8.840000 -30.779071 -1.799339
 8.864800 -30.820204 -1.528883
 8.889600 -30.855503 -1.327334
 8.914400 -30.886464 -1.174805
 8.939200 -30.913899 -1.035676
 8.964000 -30.937602 -0.867014
 8.988800 -30.956345 -0.631076
 9.013600 -30.968162 -0.307025
 9.038400 -30.970832 0.105438
 9.063200 -30.962346 0.586791
 9.088000 -30.941394 1.105147
 9.112800 -30.907533 1.620392
 9.137600 -30.861333 2.091206
 9.162400 -30.804396 2.482254
 9.187200 -30.739008 2.764308
 9.212000 -30.668077 2.927741
 9.236800 -30.594576 2.981016
 9.261600 -30.520877 2.943496
 9.286400 -30.448789 2.852452
 9.311200 -30.379254 2.748865
 9.336000 -30.312156 2.658714
 9.360800 -30.246888 2.597392
 9.385600 -30.182745 2.571020
 9.410400 -30.118826 2.567514
 9.435200 -30.054598 2.572795
 9.460000 -29.990113 2.581187
 9.484800 -29.925642 2.590500
 9.509600 -29.861154 2.589709
 9.534400 -29.796787 2.576420
 9.559200 -29.732908 2.554516
 9.584000 -29.669727 2.514539
 9.608800 -29.607887 2.447149
 9.633600 -29.548196 2.339995
 9.658400 -29.491642 2.199487
 9.683200 -29.438766 2.051417
 9.708000 -29.389146 1.940291
 9.732800 -29.341240 1.919512
 9.757600 -29.292472 2.024596
 9.782400 -29.239486 2.247802
 9.807200 -29.179625 2.560573
 9.832000 -29.111560 2.915174
 9.856800 -29.034958 3.226970
 9.881600 -28.952009 3.427373
 9.906400 -28.866239 3.446636
 9.931200 -28.782381 3.251508
 9.956000 -28.705484 2.880327
 9.980800 -28.639263 2.440811
 10.005600 -28.583790 2.033392
 10.030400 -28.537013 1.745686
 10.055200 -28.495552 1.608959
 10.080000 -28.455882 1.595319
 10.104800 -28.415485 1.651418
 10.129600 -28.373234 1.727904
 10.154400 -28.329002 1.791322
 10.179200 -28.283514 1.843827
 10.204000 -28.237058 1.890273
 10.228800 -28.189334 1.939781
 10.253600 -28.140139 2.022364
 10.278400 -28.088433 2.145692
 10.303200 -28.033143 2.308200
 10.328000 -27.973494 2.500933
 10.352800 -27.908943 2.699236
 10.377600 -27.839623 2.879768
 10.402400 -27.765918 3.013650
 10.427200 -27.689632 3.119325
 10.452000 -27.611182 3.184117
 10.476800 -27.531366 3.228244
 10.501600 -27.450610 3.280199
 10.526400 -27.368291 3.339936
 10.551200 -27.284226 3.410420
 10.576000 -27.198471 3.479305
 10.600800 -27.111427 3.518684
 10.625600 -27.023880 3.498817
 10.650400 -26.937424 3.421714
 10.675200 -26.853539 3.315551
 10.700000 -26.772281 3.205248
 10.724800 -26.693234 3.139019
 10.749600 -26.614969 3.154031
 10.774400 -26.535218 3.260845
 10.799200 -26.451769 3.459391
 10.824000 -26.362528 3.733719
 10.848800 -26.265439 4.051797
 10.873600 -26.160107 4.416523
 10.898400 -26.045529 4.795959
 10.923200 -25.921236 5.155248
 10.948000 -25.788873 5.499625
 10.972800 -25.648381 5.758693
 10.997600 -25.502836 5.925725
 11.022400 -25.354800 5.963950
 11.047200 -25.207662 5.859898
 11.072000 -25.063832 5.599725
 11.096800 -24.927612 5.274343
 11.121600 -24.799942 4.943174
 11.146400 -24.680350 4.672546
 11.171200 -24.566139 4.473424
 11.196000 -24.454507 4.340654
 11.220800 -24.346089 4.339965
 11.245600 -24.236962 4.365624
 11.270400 -24.127133 4.400725
 11.295200 -24.016689 4.411647
 11.320000 -23.906637 4.387772
 11.344800 -23.798155 4.327068
 11.369600 -23.691469 4.209192
 11.394400 -23.587655 4.058986
 11.419200 -23.488313 3.940736
 11.444000 -23.391627 3.838106
 11.468800 -23.296510 3.770374
 11.493600 -23.202305 3.774717
 11.518400 -23.107377 3.846609
 11.543200 -23.010029 3.953874
 11.568000 -22.909923 4.078741
 11.592800 -22.806627 4.173075
 11.617600 -22.701698 4.237251
 11.642400 -22.595914 4.252592
 11.667200 -22.490478 4.233334
 11.692000 -22.385151 4.177612
 11.716800 -22.281427 4.165786
 11.741600 -22.177432 4.191368
 11.766400 -22.072101 4.270194
 11.791200 -21.963964 4.388140
 11.816000 -21.852769 4.536142
 11.840800 -21.738110 4.665202
 11.865600 -21.620955 4.734745
 11.890400 -21.502339 4.685308
 11.915200 -21.386767 4.569314
 11.940000 -21.275545 4.375007
 11.964800 -21.169769 4.138598
 11.989600 -21.069178 3.908694
 12.014400 -20.973275 3.761172
 12.039200 -20.879975 3.727704
 12.064000 -20.786611 3.793458
 12.088800 -20.690616 3.906348
 12.113600 -20.591683 4.045012
 12.138400 -20.488296 4.120926
 12.163200 -20.384541 4.208590
 12.188000 -20.279549 4.240935
 12.212800 -20.174025 4.222984
 12.237600 -20.069209 4.203413
 12.262400 -19.964304 4.181036
 12.287200 -19.860117 4.189732
 12.312000 -19.756030 4.185718
 12.336800 -19.652441 4.117178
 12.361600 -19.551451 3.963027
 12.386400 -19.455036 3.707970
 12.411200 -19.366152 3.409232
 12.436000 -19.284994 3.087250
 12.460800 -19.211647 2.787512
 12.485600 -19.145007 2.518606
 12.510400 -19.085033 2.301475
 12.535200 -19.030294 2.096636
 12.560000 -18.980475 1.906192
 12.584800 -18.934884 1.749280
 12.609600 -18.892142 1.655258
 12.634400 -18.850695 1.665393
 12.659200 -18.808012 1.782097
 12.684000 -18.761317 1.971352
 12.708800 -18.709359 2.214897
 12.733600 -18.651187 2.469176
 12.758400 -18.586945 2.702834
 12.783200 -18.517203 2.889604
 12.808000 -18.443380 3.040246
 12.832800 -18.365920 3.156645
 12.857600 -18.285887 3.287104
 12.882400 -18.202469 3.439306
 12.907200 -18.114869 3.622555
 12.932000 -18.022282 3.827975
 12.956800 -17.924309 4.029496
 12.981600 -17.821950 4.204349
 13.006400 -17.715909 4.284730
 13.031200 -17.609436 4.255233
 13.056000 -17.505311 4.085648
 13.080800 -17.406827 3.787990
 13.105600 -17.316844 3.407335
 13.130400 -17.236840 2.995673
 13.155200 -17.167169 2.596384
 13.180000 -17.107314 2.228843
 13.204800 -17.056131 1.879188
 13.229600 -17.012631 1.534689
 13.254400 -16.977739 1.273156
 13.279200 -16.948434 1.072063
 13.304000 -16.922971 0.983028
 13.328800 -16.898047 1.005388
 13.353600 -16.871431 1.148552
 13.378400 -16.840292 1.349956
 13.403200 -16.803953 1.563746
 13.428000 -16.762811 1.731124
 13.452800 -16.718588 1.812314
 13.477600 -16.673592 1.791692
 13.502400 -16.630122 1.692873
 13.527200 -16.589540 1.565702
 13.552000 -16.551810 1.466104
 13.576800 -16.515825 1.444553
 13.601600 -16.479307 1.511811
 13.626400 -16.440080 1.659545
 13.651200 -16.396401 1.862853
 13.676000 -16.347366 2.089795
 13.700800 -16.292641 2.294225
 13.725600 -16.233411 2.454136
 13.750400 -16.171063 2.528152
 13.775200 -16.108218 2.507971
 13.800000 -16.047263 2.380492
 13.824800 -15.990573 2.158228
 13.849600 -15.940328 1.884897
 13.874400 -15.897120 1.598666
 13.899200 -15.860619 1.338486
 13.924000 -15.829660 1.134248
 13.948800 -15.803011 1.014221
 13.973600 -15.778545 0.968435
 13.998400 -15.754333 0.976931
 14.023200 -15.729267 1.037193
 14.048000 -15.702228 1.132990
 14.072800 -15.672557 1.257993
 14.097600 -15.639579 1.388837
 14.122400 -15.603324 1.515418
 14.147200 -15.564233 1.623080
 14.172000 -15.523012 1.688518
 14.196800 -15.480815 1.691897
 14.221600 -15.439399 1.635149
 14.246400 -15.399811 1.523319
 14.271200 -15.363392 1.410300
 14.296000 -15.329524 1.331751
 14.320800 -15.296601 1.328535
 14.345600 -15.262499 1.432383
 14.370400 -15.224476 1.634508
 14.395200 -15.180453 1.897627
 14.420000 -15.129880 2.163605
 14.444800 -15.073761 2.335071
 14.469600 -15.015488 2.311755
 14.494400 -14.960907 2.039212
 14.519200 -14.915934 1.520917
 14.544000 -14.885735 0.906623
 14.568800 -14.870242 0.365843
 14.593600 -14.865612 0.052987
 14.618400 -14.865211 0.001729
 14.643200 -14.863318 0.173339
 14.668000 -14.855589 0.444977
 14.692800 -14.841144 0.706205
 14.717600 -14.821284 0.845789
 14.742400 -14.800144 0.827187
 14.767200 -14.781485 0.637952
 14.792000 -14.768950 0.356819
 14.816800 -14.763470 0.084407
 14.841600 -14.763670 -0.077773
 14.866400 -14.765957 -0.082036
 14.891200 -14.766252 0.084170
 14.916000 -14.760541 0.397184
 14.940800 -14.745579 0.824778
 14.965600 -14.718910 1.335234
 14.990400 -14.678797 1.899099
 15.015200 -14.624248 2.491715
 15.040000 -14.554913 3.085089
 15.064800 -14.471190 3.641092
 15.089600 -14.374651 4.118331
 15.114400 -14.268001 4.450459
 15.139200 -14.155704 4.557236
 15.164000 -14.044386 4.348462
 15.188800 -13.942853 3.765636
 15.213600 -13.860270 2.813061
 15.238400 -13.804259 1.653647
 15.263200 -13.777082 0.548172
 15.288000 -13.774149 -0.270811
 15.312800 -13.786625 -0.695274
 15.337600 -13.804863 -0.756428
 15.362400 -13.821233 -0.548306
 15.387200 -13.830357 -0.202851
 15.412000 -13.830299 0.191713
 15.436800 -13.820740 0.556927
 15.461600 -13.802981 0.851634
 15.486400 -13.779122 1.055507
 15.511200 -13.751343 1.169666
 15.536000 -13.721753 1.199288
 15.560800 -13.692339 1.151921
 15.585600 -13.665080 1.030064
 15.610400 -13.641827 0.833351
 15.635200 -13.624276 0.577109
 15.660000 -13.613279 0.313299
 15.684800 -13.608260 0.105434
 15.709600 -13.607011 0.012088
 15.734400 -13.606159 0.073509
 15.759200 -13.601934 0.277063
 15.784000 -13.591258 0.577292
 15.808800 -13.572757 0.911983
 15.833600 -13.546434 1.187403
 15.858400 -13.514819 1.337052
 15.883200 -13.481538 1.305216
 15.908000 -13.451361 1.099487
 15.932800 -13.427853 0.781213
 15.957600 -13.412532 0.459470
 15.982400 -13.404163 0.224615
 16.007200 -13.400093 0.127457
 16.032000 -13.396914 0.137500
 16.056800 -13.392790 0.194217
 16.081600 -13.387510 0.223302
 16.106400 -13.382229 0.175269
 16.131200 -13.379209 0.049429
 16.156000 -13.380034 -0.121489
 16.180800 -13.385054 -0.282230
 16.205600 -13.393215 -0.375197
 16.230400 -13.402624 -0.369023
 16.255200 -13.410868 -0.283226
 16.280000 -13.416155 -0.135879
 16.304800 -13.417485 0.027671
 16.329600 -13.414951 0.170243
 16.354400 -13.409522 0.255277
 16.379200 -13.402837 0.264791
 16.404000 -13.396895 0.190402
 16.428800 -13.393751 0.053722
 16.453600 -13.394559 -0.118438
 16.478400 -13.399465 -0.277635
 16.503200 -13.407672 -0.369524
 16.528000 -13.416956 -0.366460
 16.552800 -13.424849 -0.253462
 16.577600 -13.428708 -0.045126
 16.602400 -13.426410 0.224789
 16.627200 -13.417101 0.517797
 16.652000 -13.400858 0.782886
 16.676800 -13.378915 0.966582
 16.701600 -13.353731 1.041074
 16.726400 -13.328061 1.007940
 16.751200 -13.304209 0.899160
 16.776000 -13.283322 0.781373
 16.800800 -13.264913 0.715061
 16.825600 -13.247158 0.729281
 16.850400 -13.228023 0.810506
 16.875200 -13.206434 0.930020
 16.900000 -13.182084 1.019596
 16.924800 -13.156395 1.032506
 16.949600 -13.131403 0.952981
 16.974400 -13.109425 0.811665
 16.999200 -13.091289 0.654145
 17.024000 -13.076454 0.530866
 17.048800 -13.063898 0.494007
 17.073600 -13.051350 0.527490
 17.098400 -13.037503 0.593204
 17.123200 -13.022012 0.642910
 17.148000 -13.006036 0.632916
 17.172800 -12.991370 0.527195
 17.197600 -12.980648 0.317350
 17.222400 -12.976308 0.007721
 17.247200 -12.980566 -0.372547
 17.272000 -12.994867 -0.784554
 17.296800 -13.019204 -1.167669
 17.321600 -13.052038 -1.462745
 17.346400 -13.090406 -1.606890
 17.371200 -13.130199 -1.570612
 17.396000 -13.166841 -1.364478
 17.420800 -13.196910 -1.033729
 17.445600 -13.217628 -0.640615
 17.470400 -13.228638 -0.260109
 17.495200 -13.231210 0.033219
 17.520000 -13.228177 0.175255
 17.544800 -13.223909 0.139757
 17.569600 -13.222771 -0.069477
 17.594400 -13.228518 -0.400256
 17.619200 -13.242975 -0.772943
 17.644000 -13.266415 -1.103216
 17.668800 -13.296952 -1.339634
 17.693600 -13.331891 -1.455689
 17.718400 -13.368101 -1.445648
 17.743200 -13.402721 -1.331029
 17.768000 -13.433567 -1.147747
 17.792800 -13.459405 -0.940055
 17.817600 -13.480261 -0.750435
 17.842400 -13.497010 -0.613327
 17.867200 -13.511198 -0.543277
 17.892000 -13.524287 -0.518313
 17.916800 -13.537005 -0.506946
 17.941600 -13.549203 -0.468714
 17.966400 -13.559902 -0.382914
 17.991200 -13.567825 -0.249464
 18.016000 -13.572071 -0.091922
 18.040800 -13.572435 0.052375
 18.065600 -13.569938 0.145061
 18.090400 -13.565903 0.165212
 18.115200 -13.562403 0.103477
 18.140000 -13.561393 -0.030439
 18.164800 -13.564206 -0.201964
 18.189600 -13.571304 -0.383943
 18.214400 -13.582751 -0.535257
 18.239200 -13.597583 -0.651649
 18.264000 -13.614695 -0.722866
 18.288800 -13.632990 -0.744177
 18.313600 -13.651216 -0.715297
 18.338400 -13.667880 -0.622351
 18.363200 -13.681377 -0.457409
 18.388000 -13.689867 -0.219974
 18.412800 -13.691713 0.075430
 18.437600 -13.685746 0.404488
 18.462400 -13.671544 0.728305
 18.487200 -13.649869 1.007586
 18.512000 -13.622256 1.201102
 18.536800 -13.591167 1.283706
 18.561600 -13.559332 1.267604
 18.586400 -13.528826 1.182378
 18.611200 -13.500778 1.077912
 18.636000 -13.475080 0.992506
 18.660800 -13.451054 0.953921
 18.685600 -13.427466 0.944184
 18.710400 -13.404199 0.923327
 18.735200 -13.382191 0.830545
 18.760000 -13.364272 0.608725
 18.784800 -13.353318 0.248621
 18.809600 -13.352931 -0.237400
 18.834400 -13.365459 -0.799137
 18.859200 -13.392124 -1.344763
 18.884000 -13.431612 -1.821677
 18.908800 -13.481537 -2.198306
 18.933600 -13.539488 -2.456046
 18.958400 -13.602444 -2.603562
 18.983200 -13.667784 -2.638415
 19.008000 -13.732305 -2.546901
 19.032800 -13.792896 -2.315718
 19.057600 -13.846164 -1.951944
 19.082400 -13.888791 -1.473546
 19.107200 -13.918549 -0.920129
 19.132000 -13.934322 -0.355760
 19.156800 -13.936764 0.140776
 19.181600 -13.928669 0.476386
 19.206400 -13.915102 0.570541
 19.231200 -13.902717 0.381878
 19.256000 -13.898107 -0.040345
 19.280800 -13.905511 -0.547606
 19.305600 -13.924344 -0.941580
 19.330400 -13.949962 -1.078430
 19.355200 -13.975309 -0.918653
 19.380000 -13.993459 -0.510591
 19.404800 -13.999294 0.052958
 19.429600 -13.990253 0.675350
 19.454400 -13.966167 1.254549
 19.479200 -13.929207 1.697100
 19.504000 -13.883767 1.920104
 19.528800 -13.835946 1.875310
 19.553600 -13.792576 1.586335
 19.578400 -13.758841 1.118784
 19.603200 -13.737625 0.589758
 19.628000 -13.729302 0.084505
 19.652800 -13.732889 -0.373578
 19.677600 -13.747683 -0.818266
 19.702400 -13.773680 -1.283515
 19.727200 -13.811440 -1.754266
 19.752000 -13.860014 -2.162101
 19.776800 -13.916807 -2.385761
 19.801600 -13.976263 -2.375979
 19.826400 -14.032461 -2.123884
 19.851200 -14.079836 -1.668659
 19.876000 -14.114222 -1.089603
 19.900800 -14.133533 -0.470008
 19.925600 -14.137945 0.102760
 19.950400 -14.129753 0.535915
 19.975200 -14.113295 0.754697
 20.000000 -14.119486 0.675134
