#! FIELDS xydist projection
#! SET min_xydist 0.0
#! SET max_xydist 12.0
#! SET nbins_xydist  301
#! SET periodic_xydist false
    0.000000000   12.972022711
    0.040000000    9.096594945
    0.080000000    7.454776360
    0.120000000    7.514974177
    0.160000000    8.245704851
    0.200000000    8.820727320
    0.240000000    8.961866332
    0.280000000    8.799569856
    0.320000000    8.558974204
    0.360000000    8.364635003
    0.400000000    8.241083771
    0.440000000    8.127895992
    0.480000000    8.026045302
    0.520000000    7.930313083
    0.560000000    7.845810731
    0.600000000    7.767073751
    0.640000000    7.687031298
    0.680000000    7.610126011
    0.720000000    7.534773491
    0.760000000    7.452724028
    0.800000000    7.373085608
    0.840000000    7.318129965
    0.880000000    7.286133051
    0.920000000    7.217612816
    0.960000000    7.070903496
    1.000000000    6.872226966
    1.040000000    6.710838749
    1.080000000    6.643362207
    1.120000000    6.638413519
    1.160000000    6.612247862
    1.200000000    6.518593688
    1.240000000    6.389364135
    1.280000000    6.284255675
    1.320000000    6.234873477
    1.360000000    6.215541677
    1.400000000    6.181734363
    1.440000000    6.097797247
    1.480000000    5.962471072
    1.520000000    5.779332401
    1.560000000    5.569284502
    1.600000000    5.365858368
    1.640000000    5.204350833
    1.680000000    5.086873829
    1.720000000    4.980927625
    1.760000000    4.854398215
    1.800000000    4.703477861
    1.840000000    4.549994474
    1.880000000    4.394439986
    1.920000000    4.232424483
    1.960000000    4.078273844
    2.000000000    3.955729084
    2.040000000    3.868323008
    2.080000000    3.783213744
    2.120000000    3.654744051
    2.160000000    3.467054311
    2.200000000    3.249928478
    2.240000000    3.058082678
    2.280000000    2.922402726
    2.320000000    2.825897060
    2.360000000    2.715579439
    2.400000000    2.549649168
    2.440000000    2.340030684
    2.480000000    2.141525054
    2.520000000    2.001491561
    2.560000000    1.917263164
    2.600000000    1.848327850
    2.640000000    1.749326326
    2.680000000    1.610079215
    2.720000000    1.463331169
    2.760000000    1.336521032
    2.800000000    1.230497691
    2.840000000    1.119052452
    2.880000000    0.982940259
    2.920000000    0.838904868
    2.960000000    0.704322142
    3.000000000    0.583420494
    3.040000000    0.472741767
    3.080000000    0.382268866
    3.120000000    0.319444567
    3.160000000    0.276085951
    3.200000000    0.231146156
    3.240000000    0.170430470
    3.280000000    0.103335788
    3.320000000    0.050463724
    3.360000000    0.019620606
    3.400000000    0.008041517
    3.440000000    0.003483460
    3.480000000    0.000000000
    3.520000000    0.004068227
    3.560000000    0.022580446
    3.600000000    0.055049806
    3.640000000    0.097699182
    3.680000000    0.159109541
    3.720000000    0.273283928
    3.760000000    0.461942538
    3.800000000    0.723008744
    3.840000000    1.024715353
    3.880000000    1.333622808
    3.920000000    1.620149738
    3.960000000    1.852109024
    4.000000000    2.027881449
    4.040000000    2.173964915
    4.080000000    2.312839895
    4.120000000    2.438496059
    4.160000000    2.553003254
    4.200000000    2.656953348
    4.240000000    2.765547599
    4.280000000    2.881974665
    4.320000000    3.003136181
    4.360000000    3.122638925
    4.400000000    3.252657020
    4.440000000    3.415662451
    4.480000000    3.621046549
    4.520000000    3.853028237
    4.560000000    4.086366433
    4.600000000    4.319553936
    4.640000000    4.585809673
    4.680000000    4.903210790
    4.720000000    5.253001501
    4.760000000    5.614277918
    4.800000000    5.977817204
    4.840000000    6.358850064
    4.880000000    6.784297629
    4.920000000    7.264779318
    4.960000000    7.775013282
    5.000000000    8.272934240
    5.040000000    8.738151792
    5.080000000    9.197291855
    5.120000000    9.680234346
    5.160000000   10.174531464
    5.200000000   10.630869085
    5.240000000   11.029360919
    5.280000000   11.380885565
    5.320000000   11.717411735
    5.360000000   12.080507795
    5.400000000   12.485852312
    5.440000000   12.890722246
    5.480000000   13.243264516
    5.520000000   13.559719570
    5.560000000   13.895939725
    5.600000000   14.268829048
    5.640000000   14.630448905
    5.680000000   14.943399673
    5.720000000   15.199417898
    5.760000000   15.410722985
    5.800000000   15.580683363
    5.840000000   15.710809087
    5.880000000   15.824381505
    5.920000000   15.962421992
    5.960000000   16.157129427
    6.000000000   16.388933681
    6.040000000   16.612955261
    6.080000000   16.786434689
    6.120000000   16.905945870
    6.160000000   17.001365922
    6.200000000   17.098803575
    6.240000000   17.202312554
    6.280000000   17.312783268
    6.320000000   17.436791401
    6.360000000   17.579439088
    6.400000000   17.726475512
    6.440000000   17.843505306
    6.480000000   17.898073461
    6.520000000   17.897875315
    6.560000000   17.888341143
    6.600000000   17.917411104
    6.640000000   17.996378173
    6.680000000   18.091506156
    6.720000000   18.150678603
    6.760000000   18.162043879
    6.800000000   18.169312158
    6.840000000   18.221606130
    6.880000000   18.316932275
    6.920000000   18.404747462
    6.960000000   18.442996414
    7.000000000   18.436293013
    7.040000000   18.434334378
    7.080000000   18.472330957
    7.120000000   18.532244430
    7.160000000   18.571268205
    7.200000000   18.563234721
    7.240000000   18.514034332
    7.280000000   18.450342576
    7.320000000   18.409567435
    7.360000000   18.410436129
    7.400000000   18.445368045
    7.440000000   18.507370960
    7.480000000   18.581070102
    7.520000000   18.632496552
    7.560000000   18.643442073
    7.600000000   18.620150936
    7.640000000   18.573499619
    7.680000000   18.522994815
    7.720000000   18.492126170
    7.760000000   18.484704765
    7.800000000   18.493380487
    7.840000000   18.508464758
    7.880000000   18.522524321
    7.920000000   18.525995934
    7.960000000   18.500135347
    8.000000000   18.429330000
    8.040000000   18.326391004
    8.080000000   18.248253391
    8.120000000   18.253376071
    8.160000000   18.344825425
    8.200000000   18.463197228
    8.240000000   18.537381651
    8.280000000   18.541662351
    8.320000000   18.494281839
    8.360000000   18.436017330
    8.400000000   18.393832303
    8.440000000   18.373075271
    8.480000000   18.368134154
    8.520000000   18.379817092
    8.560000000   18.407147935
    8.600000000   18.430004646
    8.640000000   18.422294407
    8.680000000   18.381978617
    8.720000000   18.338696179
    8.760000000   18.320250944
    8.800000000   18.317483411
    8.840000000   18.296534334
    8.880000000   18.234032234
    8.920000000   18.146962214
    8.960000000   18.087383544
    9.000000000   18.095222646
    9.040000000   18.160611658
    9.080000000   18.226432811
    9.120000000   18.239693819
    9.160000000   18.199602394
    9.200000000   18.148546404
    9.240000000   18.119164894
    9.280000000   18.113135646
    9.320000000   18.111607091
    9.360000000   18.103073105
    9.400000000   18.096893542
    9.440000000   18.105404329
    9.480000000   18.124208835
    9.520000000   18.134480408
    9.560000000   18.133056155
    9.600000000   18.136011314
    9.640000000   18.160954477
    9.680000000   18.200619082
    9.720000000   18.237043360
    9.760000000   18.247811550
    9.800000000   18.208130969
    9.840000000   18.119455667
    9.880000000   18.032844806
    9.920000000   18.012170466
    9.960000000   18.080434025
   10.000000000   18.181851175
   10.040000000   18.239131843
   10.080000000   18.202817658
   10.120000000   18.104141626
   10.160000000   18.028204067
   10.200000000   18.049287388
   10.240000000   18.152233292
   10.280000000   18.249245440
   10.320000000   18.267729300
   10.360000000   18.203969375
   10.400000000   18.105590524
   10.440000000   18.021977698
   10.480000000   17.968083281
   10.520000000   17.930308659
   10.560000000   17.884361839
   10.600000000   17.823992206
   10.640000000   17.758842650
   10.680000000   17.706160467
   10.720000000   17.675833288
   10.760000000   17.665561502
   10.800000000   17.668316403
   10.840000000   17.674023828
   10.880000000   17.667614120
   10.920000000   17.638796543
   10.960000000   17.579432499
   11.000000000   17.509510353
   11.040000000   17.462113985
   11.080000000   17.460866146
   11.120000000   17.488750581
   11.160000000   17.514747783
   11.200000000   17.516645995
   11.240000000   17.489782419
   11.280000000   17.448545965
   11.320000000   17.405342530
   11.360000000   17.369932905
   11.400000000   17.340237329
   11.440000000   17.299316331
   11.480000000   17.247823780
   11.520000000   17.207789761
   11.560000000   17.212900891
   11.600000000   17.263233997
   11.640000000   17.325770952
   11.680000000   17.357616094
   11.720000000   17.346694647
   11.760000000   17.312545440
   11.800000000   17.282653300
   11.840000000   17.259256266
   11.880000000   17.248062835
   11.920000000   17.255984561
   11.960000000   17.291938113
   12.000000000   17.342231483
