#! FIELDS xydist projection
#! SET min_xydist 0.0
#! SET max_xydist 12.0
#! SET nbins_xydist  301
#! SET periodic_xydist false
    0.000000000   13.821573481
    0.040000000   10.234451825
    0.080000000    8.800123920
    0.120000000    8.976494938
    0.160000000    9.723085732
    0.200000000   10.230308875
    0.240000000   10.277448632
    0.280000000   10.072291647
    0.320000000    9.875611645
    0.360000000    9.777516752
    0.400000000    9.731134732
    0.440000000    9.641965485
    0.480000000    9.535319433
    0.520000000    9.453667754
    0.560000000    9.409214581
    0.600000000    9.366992594
    0.640000000    9.287016249
    0.680000000    9.176885723
    0.720000000    9.081093952
    0.760000000    9.023529553
    0.800000000    8.986715322
    0.840000000    8.938403268
    0.880000000    8.859055862
    0.920000000    8.760839032
    0.960000000    8.649559618
    1.000000000    8.517405229
    1.040000000    8.353198656
    1.080000000    8.178205726
    1.120000000    8.024808798
    1.160000000    7.921848956
    1.200000000    7.866063461
    1.240000000    7.823694566
    1.280000000    7.759476583
    1.320000000    7.650009691
    1.360000000    7.499941733
    1.400000000    7.323134466
    1.440000000    7.134845124
    1.480000000    6.958160387
    1.520000000    6.822216899
    1.560000000    6.725945169
    1.600000000    6.634940905
    1.640000000    6.509380218
    1.680000000    6.339442984
    1.720000000    6.150292693
    1.760000000    5.969680378
    1.800000000    5.798771950
    1.840000000    5.629887273
    1.880000000    5.467772102
    1.920000000    5.340562865
    1.960000000    5.264850239
    2.000000000    5.212181438
    2.040000000    5.118898437
    2.080000000    4.948040025
    2.120000000    4.723032374
    2.160000000    4.496440901
    2.200000000    4.313464162
    2.240000000    4.176376162
    2.280000000    4.055493738
    2.320000000    3.913746940
    2.360000000    3.752520426
    2.400000000    3.598535012
    2.440000000    3.477116823
    2.480000000    3.390342658
    2.520000000    3.315093934
    2.560000000    3.229174155
    2.600000000    3.110977114
    2.640000000    2.951013649
    2.680000000    2.752200113
    2.720000000    2.547673229
    2.760000000    2.365246924
    2.800000000    2.207763630
    2.840000000    2.047419740
    2.880000000    1.862501539
    2.920000000    1.671467465
    2.960000000    1.511862006
    3.000000000    1.399890998
    3.040000000    1.303729678
    3.080000000    1.174966651
    3.120000000    1.002259515
    3.160000000    0.828422986
    3.200000000    0.703107714
    3.240000000    0.616230826
    3.280000000    0.519662492
    3.320000000    0.376128592
    3.360000000    0.205356970
    3.400000000    0.070512298
    3.440000000    0.005929798
    3.480000000    0.000000000
    3.520000000    0.009345177
    3.560000000    0.007528138
    3.600000000    0.018807891
    3.640000000    0.094878992
    3.680000000    0.251124888
    3.720000000    0.446889921
    3.760000000    0.640809920
    3.800000000    0.843114970
    3.840000000    1.101590443
    3.880000000    1.441326700
    3.920000000    1.826138819
    3.960000000    2.194811189
    4.000000000    2.520217309
    4.040000000    2.800914395
    4.080000000    3.034826733
    4.120000000    3.216195971
    4.160000000    3.336969514
    4.200000000    3.403686076
    4.240000000    3.446607257
    4.280000000    3.502972544
    4.320000000    3.596749858
    4.360000000    3.725872059
    4.400000000    3.876448406
    4.440000000    4.040991080
    4.480000000    4.221005568
    4.520000000    4.423571193
    4.560000000    4.648062938
    4.600000000    4.880165784
    4.640000000    5.109691003
    4.680000000    5.357046767
    4.720000000    5.658723370
    4.760000000    6.022357229
    4.800000000    6.409544812
    4.840000000    6.785343618
    4.880000000    7.152324456
    4.920000000    7.528734357
    4.960000000    7.926694432
    5.000000000    8.345026337
    5.040000000    8.768306635
    5.080000000    9.175372767
    5.120000000    9.558134352
    5.160000000    9.935961068
    5.200000000   10.326223377
    5.240000000   10.733154678
    5.280000000   11.153335072
    5.320000000   11.583314186
    5.360000000   12.005803431
    5.400000000   12.391548083
    5.440000000   12.727662825
    5.480000000   13.012736126
    5.520000000   13.258571093
    5.560000000   13.491448105
    5.600000000   13.741881493
    5.640000000   14.010525458
    5.680000000   14.273360581
    5.720000000   14.510273542
    5.760000000   14.729003132
    5.800000000   14.957134766
    5.840000000   15.215254989
    5.880000000   15.483076187
    5.920000000   15.704720919
    5.960000000   15.843884578
    6.000000000   15.934690927
    6.040000000   16.028965646
    6.080000000   16.160904917
    6.120000000   16.326884742
    6.160000000   16.475844866
    6.200000000   16.565904061
    6.240000000   16.610211902
    6.280000000   16.626850856
    6.320000000   16.624429766
    6.360000000   16.618976569
    6.400000000   16.637555133
    6.440000000   16.693839232
    6.480000000   16.772422260
    6.520000000   16.842505264
    6.560000000   16.890152362
    6.600000000   16.922946401
    6.640000000   16.949114494
    6.680000000   16.960798041
    6.720000000   16.937531526
    6.760000000   16.891540886
    6.800000000   16.861283153
    6.840000000   16.880768901
    6.880000000   16.944519939
    6.920000000   17.007921739
    6.960000000   17.026177757
    7.000000000   17.000134279
    7.040000000   16.964104899
    7.080000000   16.941917827
    7.120000000   16.930466093
    7.160000000   16.917911157
    7.200000000   16.893018530
    7.240000000   16.860308604
    7.280000000   16.818313564
    7.320000000   16.765497562
    7.360000000   16.721941901
    7.400000000   16.725843956
    7.440000000   16.802078361
    7.480000000   16.935261153
    7.520000000   17.078991619
    7.560000000   17.181995844
    7.600000000   17.214095527
    7.640000000   17.180659293
    7.680000000   17.118712113
    7.720000000   17.081864210
    7.760000000   17.095809987
    7.800000000   17.130568158
    7.840000000   17.139435189
    7.880000000   17.108566924
    7.920000000   17.076556202
    7.960000000   17.096796187
    8.000000000   17.173347630
    8.040000000   17.262848196
    8.080000000   17.317807374
    8.120000000   17.336783192
    8.160000000   17.349458828
    8.200000000   17.365246846
    8.240000000   17.358664959
    8.280000000   17.311087101
    8.320000000   17.237391601
    8.360000000   17.184787760
    8.400000000   17.189547771
    8.440000000   17.225502533
    8.480000000   17.230785811
    8.520000000   17.176132924
    8.560000000   17.087140118
    8.600000000   17.013984050
    8.640000000   16.983339175
    8.680000000   16.977078342
    8.720000000   16.965961990
    8.760000000   16.927025848
    8.800000000   16.864974164
    8.840000000   16.802308132
    8.880000000   16.777095161
    8.920000000   16.802866510
    8.960000000   16.859015166
    9.000000000   16.902275619
    9.040000000   16.894826272
    9.080000000   16.847657279
    9.120000000   16.809039123
    9.160000000   16.824077584
    9.200000000   16.899956033
    9.240000000   17.004112733
    9.280000000   17.089009990
    9.320000000   17.125502875
    9.360000000   17.112536737
    9.400000000   17.076833590
    9.440000000   17.047710218
    9.480000000   17.036556760
    9.520000000   17.024862918
    9.560000000   16.989057905
    9.600000000   16.934491686
    9.640000000   16.875264400
    9.680000000   16.822431650
    9.720000000   16.775918509
    9.760000000   16.744401781
    9.800000000   16.743090273
    9.840000000   16.770219098
    9.880000000   16.796330477
    9.920000000   16.789415624
    9.960000000   16.740469674
   10.000000000   16.673704036
   10.040000000   16.636939105
   10.080000000   16.645772896
   10.120000000   16.672165418
   10.160000000   16.671366288
   10.200000000   16.612489414
   10.240000000   16.517875775
   10.280000000   16.432172487
   10.320000000   16.378245279
   10.360000000   16.356891380
   10.400000000   16.366303747
   10.440000000   16.416261176
   10.480000000   16.497122266
   10.520000000   16.563415206
   10.560000000   16.579950700
   10.600000000   16.536617230
   10.640000000   16.468226242
   10.680000000   16.403147179
   10.720000000   16.345684046
   10.760000000   16.277511835
   10.800000000   16.188174586
   10.840000000   16.108129707
   10.880000000   16.072182132
   10.920000000   16.084643402
   10.960000000   16.108261137
   11.000000000   16.106701814
   11.040000000   16.090586081
   11.080000000   16.087773101
   11.120000000   16.100614286
   11.160000000   16.090154071
   11.200000000   16.031359914
   11.240000000   15.922559493
   11.280000000   15.788499891
   11.320000000   15.675562539
   11.360000000   15.617159645
   11.400000000   15.605483043
   11.440000000   15.602695887
   11.480000000   15.575365887
   11.520000000   15.515594016
   11.560000000   15.435295108
   11.600000000   15.377116186
   11.640000000   15.380908528
   11.680000000   15.448463359
   11.720000000   15.533939993
   11.760000000   15.583174335
   11.800000000   15.592066723
   11.840000000   15.593650723
   11.880000000   15.622756016
   11.920000000   15.673667862
   11.960000000   15.713046769
   12.000000000   15.712912631
