#! FIELDS xydist projection
#! SET min_xydist 0.0
#! SET max_xydist 12.0
#! SET nbins_xydist  301
#! SET periodic_xydist false
    0.000000000   14.247542518
    0.040000000   10.617277668
    0.080000000    9.049807005
    0.120000000    8.989425677
    0.160000000    9.438155875
    0.200000000    9.668124572
    0.240000000    9.530580714
    0.280000000    9.254826916
    0.320000000    9.074749515
    0.360000000    9.034019513
    0.400000000    9.043313058
    0.440000000    8.970265300
    0.480000000    8.808161957
    0.520000000    8.606530013
    0.560000000    8.426401793
    0.600000000    8.299124681
    0.640000000    8.201984557
    0.680000000    8.098969787
    0.720000000    7.972037530
    0.760000000    7.853698183
    0.800000000    7.792842435
    0.840000000    7.803703039
    0.880000000    7.845761184
    0.920000000    7.834100791
    0.960000000    7.736104732
    1.000000000    7.582868311
    1.040000000    7.438646915
    1.080000000    7.334892003
    1.120000000    7.254252663
    1.160000000    7.170590210
    1.200000000    7.087048682
    1.240000000    7.014213798
    1.280000000    6.941989463
    1.320000000    6.844597942
    1.360000000    6.710252845
    1.400000000    6.560808628
    1.440000000    6.419972390
    1.480000000    6.288417320
    1.520000000    6.147409740
    1.560000000    5.997696295
    1.600000000    5.864228145
    1.640000000    5.761867913
    1.680000000    5.673388961
    1.720000000    5.556654674
    1.760000000    5.397145697
    1.800000000    5.215965680
    1.840000000    5.052265950
    1.880000000    4.915534606
    1.920000000    4.783695111
    1.960000000    4.623804236
    2.000000000    4.433416993
    2.040000000    4.228269784
    2.080000000    4.032155982
    2.120000000    3.844629961
    2.160000000    3.660871020
    2.200000000    3.491543223
    2.240000000    3.357634559
    2.280000000    3.268869236
    2.320000000    3.196071761
    2.360000000    3.089719338
    2.400000000    2.929097653
    2.440000000    2.740965805
    2.480000000    2.577988440
    2.520000000    2.480391912
    2.560000000    2.433257354
    2.600000000    2.399265281
    2.640000000    2.332206863
    2.680000000    2.212419965
    2.720000000    2.050085475
    2.760000000    1.881041662
    2.800000000    1.742489111
    2.840000000    1.646299789
    2.880000000    1.569794873
    2.920000000    1.483860395
    2.960000000    1.381913841
    3.000000000    1.268647480
    3.040000000    1.145125526
    3.080000000    0.994743263
    3.120000000    0.833285763
    3.160000000    0.685732751
    3.200000000    0.572488327
    3.240000000    0.477673263
    3.280000000    0.385378560
    3.320000000    0.290558004
    3.360000000    0.197631592
    3.400000000    0.116654069
    3.440000000    0.051428555
    3.480000000    0.009732780
    3.520000000    0.000000000
    3.560000000    0.019130021
    3.600000000    0.065634951
    3.640000000    0.143733340
    3.680000000    0.260996495
    3.720000000    0.414692871
    3.760000000    0.607171145
    3.800000000    0.842974972
    3.840000000    1.119014289
    3.880000000    1.399664018
    3.920000000    1.642088526
    3.960000000    1.830604199
    4.000000000    1.978981631
    4.040000000    2.113659818
    4.080000000    2.243101928
    4.120000000    2.370442707
    4.160000000    2.504337609
    4.200000000    2.643427648
    4.240000000    2.784149264
    4.280000000    2.916709646
    4.320000000    3.027544790
    4.360000000    3.127107579
    4.400000000    3.245854342
    4.440000000    3.409100867
    4.480000000    3.616911513
    4.520000000    3.839548903
    4.560000000    4.053310630
    4.600000000    4.257081436
    4.640000000    4.471722111
    4.680000000    4.719944461
    4.720000000    5.026056834
    4.760000000    5.391707177
    4.800000000    5.792719069
    4.840000000    6.201357606
    4.880000000    6.615966967
    4.920000000    7.050153036
    4.960000000    7.509121673
    5.000000000    7.991258488
    5.040000000    8.482220425
    5.080000000    8.967557195
    5.120000000    9.447803912
    5.160000000    9.944093487
    5.200000000   10.437207373
    5.240000000   10.883985764
    5.280000000   11.282476817
    5.320000000   11.662801532
    5.360000000   12.030569937
    5.400000000   12.363719217
    5.440000000   12.662288589
    5.480000000   12.939875062
    5.520000000   13.202163567
    5.560000000   13.437014233
    5.600000000   13.648040614
    5.640000000   13.863583840
    5.680000000   14.108266983
    5.720000000   14.378145026
    5.760000000   14.636959520
    5.800000000   14.854107621
    5.840000000   15.016320829
    5.880000000   15.148914278
    5.920000000   15.288615516
    5.960000000   15.453032467
    6.000000000   15.643343752
    6.040000000   15.829167406
    6.080000000   15.970142786
    6.120000000   16.047486444
    6.160000000   16.090646262
    6.200000000   16.145798869
    6.240000000   16.255965642
    6.280000000   16.423968710
    6.320000000   16.619682393
    6.360000000   16.792486308
    6.400000000   16.904467740
    6.440000000   16.933199373
    6.480000000   16.911842571
    6.520000000   16.904155461
    6.560000000   16.957575200
    6.600000000   17.063114130
    6.640000000   17.179851647
    6.680000000   17.286460055
    6.720000000   17.387664181
    6.760000000   17.492000249
    6.800000000   17.588334560
    6.840000000   17.652189256
    6.880000000   17.675463910
    6.920000000   17.671206723
    6.960000000   17.656523927
    7.000000000   17.645992055
    7.040000000   17.652327180
    7.080000000   17.677644046
    7.120000000   17.719866642
    7.160000000   17.777061313
    7.200000000   17.848768090
    7.240000000   17.919072235
    7.280000000   17.962073596
    7.320000000   17.959965018
    7.360000000   17.908162496
    7.400000000   17.828017000
    7.440000000   17.773577776
    7.480000000   17.772089004
    7.520000000   17.814963055
    7.560000000   17.885094671
    7.600000000   17.967659599
    7.640000000   18.043027154
    7.680000000   18.086310966
    7.720000000   18.090221659
    7.760000000   18.070408619
    7.800000000   18.055153223
    7.840000000   18.071581653
    7.880000000   18.124157965
    7.920000000   18.196854486
    7.960000000   18.258999155
    8.000000000   18.282664451
    8.040000000   18.259508672
    8.080000000   18.197085495
    8.120000000   18.123140936
    8.160000000   18.064069579
    8.200000000   18.035727952
    8.240000000   18.031243619
    8.280000000   18.033587439
    8.320000000   18.023551762
    8.360000000   17.993487632
    8.400000000   17.947171331
    8.440000000   17.895783613
    8.480000000   17.852579561
    8.520000000   17.834585457
    8.560000000   17.850151991
    8.600000000   17.892377676
    8.640000000   17.940931462
    8.680000000   17.956838403
    8.720000000   17.912533213
    8.760000000   17.832114207
    8.800000000   17.764531055
    8.840000000   17.737697350
    8.880000000   17.741999888
    8.920000000   17.752309546
    8.960000000   17.762591206
    9.000000000   17.788307421
    9.040000000   17.844467012
    9.080000000   17.913469171
    9.120000000   17.962942879
    9.160000000   17.972598172
    9.200000000   17.967915417
    9.240000000   17.983351015
    9.280000000   18.017986044
    9.320000000   18.036858999
    9.360000000   18.009587673
    9.400000000   17.941939978
    9.440000000   17.867628834
    9.480000000   17.820427401
    9.520000000   17.819643721
    9.560000000   17.852706767
    9.600000000   17.895861116
    9.640000000   17.936518242
    9.680000000   17.972871584
    9.720000000   18.001768112
    9.760000000   18.021449132
    9.800000000   18.032166175
    9.840000000   18.030057972
    9.880000000   17.992729346
    9.920000000   17.904218999
    9.960000000   17.783382974
   10.000000000   17.688385035
   10.040000000   17.667389903
   10.080000000   17.711102344
   10.120000000   17.752844887
   10.160000000   17.725597408
   10.200000000   17.631430449
   10.240000000   17.529137654
   10.280000000   17.481041884
   10.320000000   17.493846747
   10.360000000   17.516677478
   10.400000000   17.505380440
   10.440000000   17.480339216
   10.480000000   17.487797483
   10.520000000   17.539492776
   10.560000000   17.598886744
   10.600000000   17.614395457
   10.640000000   17.565982872
   10.680000000   17.496605938
   10.720000000   17.441579634
   10.760000000   17.400581979
   10.800000000   17.336810794
   10.840000000   17.239136262
   10.880000000   17.129222825
   10.920000000   17.048391800
   10.960000000   17.024199023
   11.000000000   17.050237245
   11.040000000   17.098352761
   11.080000000   17.132826119
   11.120000000   17.145404096
   11.160000000   17.142348415
   11.200000000   17.140432446
   11.240000000   17.149476479
   11.280000000   17.170532317
   11.320000000   17.195334932
   11.360000000   17.214542202
   11.400000000   17.234785473
   11.440000000   17.266775524
   11.480000000   17.309693237
   11.520000000   17.334684313
   11.560000000   17.313165349
   11.600000000   17.247710063
   11.640000000   17.172200083
   11.680000000   17.125013438
   11.720000000   17.119113735
   11.760000000   17.145146282
   11.800000000   17.176814734
   11.840000000   17.187190630
   11.880000000   17.158063955
   11.920000000   17.081968863
   11.960000000   16.960160342
   12.000000000   16.806645315
