#! FIELDS xydist projection
#! SET min_xydist 0.0
#! SET max_xydist 12.0
#! SET nbins_xydist  301
#! SET periodic_xydist false
    0.000000000   12.100603628
    0.040000000    9.236111899
    0.080000000    8.321312290
    0.120000000    8.701971782
    0.160000000    9.401943431
    0.200000000    9.767502180
    0.240000000    9.699220585
    0.280000000    9.433735278
    0.320000000    9.207829151
    0.360000000    9.098910791
    0.400000000    9.065762418
    0.440000000    9.012412163
    0.480000000    8.946225687
    0.520000000    8.890663115
    0.560000000    8.866010557
    0.600000000    8.855423973
    0.640000000    8.825427277
    0.680000000    8.759908567
    0.720000000    8.655787568
    0.760000000    8.503865794
    0.800000000    8.313095065
    0.840000000    8.127695380
    0.880000000    8.005382112
    0.920000000    7.976958716
    0.960000000    8.017300330
    1.000000000    8.065053638
    1.040000000    8.064338784
    1.080000000    7.988344611
    1.120000000    7.838574221
    1.160000000    7.636490225
    1.200000000    7.415759869
    1.240000000    7.228567632
    1.280000000    7.100604830
    1.320000000    7.016862433
    1.360000000    6.942339817
    1.400000000    6.849126503
    1.440000000    6.737473045
    1.480000000    6.617334613
    1.520000000    6.489044944
    1.560000000    6.347166235
    1.600000000    6.197559605
    1.640000000    6.072822401
    1.680000000    5.983594463
    1.720000000    5.895109394
    1.760000000    5.745986775
    1.800000000    5.520326152
    1.840000000    5.273796947
    1.880000000    5.080116879
    1.920000000    4.957284948
    1.960000000    4.867587821
    2.000000000    4.765139131
    2.040000000    4.639828068
    2.080000000    4.513100643
    2.120000000    4.392119463
    2.160000000    4.277796113
    2.200000000    4.162962262
    2.240000000    4.049461904
    2.280000000    3.929715813
    2.320000000    3.784838881
    2.360000000    3.606758779
    2.400000000    3.413600312
    2.440000000    3.236314797
    2.480000000    3.099326037
    2.520000000    2.995129171
    2.560000000    2.895277552
    2.600000000    2.778800990
    2.640000000    2.637154910
    2.680000000    2.479627117
    2.720000000    2.322771111
    2.760000000    2.174666086
    2.800000000    2.026889427
    2.840000000    1.873037554
    2.880000000    1.719329693
    2.920000000    1.579471843
    2.960000000    1.452531963
    3.000000000    1.336897873
    3.040000000    1.233062280
    3.080000000    1.142668476
    3.120000000    1.063933778
    3.160000000    0.980093516
    3.200000000    0.872756768
    3.240000000    0.741501422
    3.280000000    0.592645414
    3.320000000    0.442536217
    3.360000000    0.299572766
    3.400000000    0.175497034
    3.440000000    0.081919297
    3.480000000    0.025019790
    3.520000000    0.000000000
    3.560000000    0.005418819
    3.600000000    0.048933354
    3.640000000    0.139520680
    3.680000000    0.282616787
    3.720000000    0.471166306
    3.760000000    0.690808987
    3.800000000    0.933536684
    3.840000000    1.191523371
    3.880000000    1.440269977
    3.920000000    1.653601327
    3.960000000    1.823732305
    4.000000000    1.945527209
    4.040000000    2.029807506
    4.080000000    2.100277603
    4.120000000    2.178207200
    4.160000000    2.251802956
    4.200000000    2.301539554
    4.240000000    2.340341186
    4.280000000    2.411960439
    4.320000000    2.549158038
    4.360000000    2.736113912
    4.400000000    2.918634565
    4.440000000    3.059473865
    4.480000000    3.187607643
    4.520000000    3.344996407
    4.560000000    3.549032947
    4.600000000    3.775413382
    4.640000000    4.001530227
    4.680000000    4.239137962
    4.720000000    4.510395628
    4.760000000    4.811973953
    4.800000000    5.111447770
    4.840000000    5.418373980
    4.880000000    5.782601110
    4.920000000    6.228241754
    4.960000000    6.709499979
    5.000000000    7.147769483
    5.040000000    7.521606672
    5.080000000    7.857168883
    5.120000000    8.162119400
    5.160000000    8.453008572
    5.200000000    8.773367007
    5.240000000    9.142164606
    5.280000000    9.535458872
    5.320000000    9.908594853
    5.360000000   10.256908831
    5.400000000   10.602009791
    5.440000000   10.936793949
    5.480000000   11.242669111
    5.520000000   11.521066048
    5.560000000   11.795540527
    5.600000000   12.079011265
    5.640000000   12.362974971
    5.680000000   12.624823528
    5.720000000   12.837513462
    5.760000000   12.992370617
    5.800000000   13.097394761
    5.840000000   13.177279731
    5.880000000   13.250301296
    5.920000000   13.314484165
    5.960000000   13.362759781
    6.000000000   13.412365865
    6.040000000   13.492093951
    6.080000000   13.598775781
    6.120000000   13.705336817
    6.160000000   13.789254462
    6.200000000   13.849504359
    6.240000000   13.891947370
    6.280000000   13.917672768
    6.320000000   13.923749476
    6.360000000   13.912698213
    6.400000000   13.889941577
    6.440000000   13.861358121
    6.480000000   13.830452457
    6.520000000   13.806019748
    6.560000000   13.803045624
    6.600000000   13.827552763
    6.640000000   13.865407746
    6.680000000   13.896945810
    6.720000000   13.914163012
    6.760000000   13.920134981
    6.800000000   13.914579845
    6.840000000   13.894911938
    6.880000000   13.866935043
    6.920000000   13.852324420
    6.960000000   13.870330225
    7.000000000   13.912401013
    7.040000000   13.942163267
    7.080000000   13.943032860
    7.120000000   13.932510610
    7.160000000   13.927271316
    7.200000000   13.935966175
    7.240000000   13.954126266
    7.280000000   13.976918808
    7.320000000   13.998148604
    7.360000000   14.007600749
    7.400000000   14.006263989
    7.440000000   13.998303664
    7.480000000   13.992469792
    7.520000000   13.993338207
    7.560000000   14.003365252
    7.600000000   14.015419929
    7.640000000   14.016445608
    7.680000000   13.990155298
    7.720000000   13.939019706
    7.760000000   13.890445136
    7.800000000   13.867436838
    7.840000000   13.859422082
    7.880000000   13.854127364
    7.920000000   13.847195863
    7.960000000   13.829947979
    8.000000000   13.789235184
    8.040000000   13.723493109
    8.080000000   13.655695189
    8.120000000   13.624446257
    8.160000000   13.642990565
    8.200000000   13.681181311
    8.240000000   13.692556700
    8.280000000   13.651175635
    8.320000000   13.561623660
    8.360000000   13.460441146
    8.400000000   13.387361720
    8.440000000   13.354036029
    8.480000000   13.344732684
    8.520000000   13.333664839
    8.560000000   13.303408626
    8.600000000   13.257149307
    8.640000000   13.207000598
    8.680000000   13.161074699
    8.720000000   13.115844294
    8.760000000   13.072482326
    8.800000000   13.025092343
    8.840000000   12.975249736
    8.880000000   12.936692159
    8.920000000   12.915551994
    8.960000000   12.911058945
    9.000000000   12.915097521
    9.040000000   12.916401862
    9.080000000   12.908828125
    9.120000000   12.897293214
    9.160000000   12.886823096
    9.200000000   12.866079877
    9.240000000   12.815319310
    9.280000000   12.736828192
    9.320000000   12.657988618
    9.360000000   12.609361592
    9.400000000   12.586724116
    9.440000000   12.570971396
    9.480000000   12.557501242
    9.520000000   12.554241115
    9.560000000   12.561847141
    9.600000000   12.562614781
    9.640000000   12.541299303
    9.680000000   12.510949587
    9.720000000   12.496552581
    9.760000000   12.503470539
    9.800000000   12.513495252
    9.840000000   12.495554590
    9.880000000   12.437965157
    9.920000000   12.365329692
    9.960000000   12.303950656
   10.000000000   12.257944890
   10.040000000   12.211373830
   10.080000000   12.156019422
   10.120000000   12.103964484
   10.160000000   12.085492060
   10.200000000   12.106575938
   10.240000000   12.131650544
   10.280000000   12.125695462
   10.320000000   12.076174434
   10.360000000   12.000870102
   10.400000000   11.931353197
   10.440000000   11.881260507
   10.480000000   11.846132092
   10.520000000   11.819590572
   10.560000000   11.801741564
   10.600000000   11.785537967
   10.640000000   11.757138013
   10.680000000   11.704411787
   10.720000000   11.654606471
   10.760000000   11.645212426
   10.800000000   11.687795397
   10.840000000   11.754171684
   10.880000000   11.799864150
   10.920000000   11.790287313
   10.960000000   11.718386250
   11.000000000   11.602396656
   11.040000000   11.484677586
   11.080000000   11.400701829
   11.120000000   11.378736029
   11.160000000   11.420302214
   11.200000000   11.499612712
   11.240000000   11.567140206
   11.280000000   11.586002380
   11.320000000   11.556902953
   11.360000000   11.513107620
   11.400000000   11.482044146
   11.440000000   11.469851070
   11.480000000   11.451725589
   11.520000000   11.402901986
   11.560000000   11.319021452
   11.600000000   11.221508272
   11.640000000   11.129736406
   11.680000000   11.046535613
   11.720000000   10.973634293
   11.760000000   10.914542557
   11.800000000   10.865499776
   11.840000000   10.815197282
   11.880000000   10.761685781
   11.920000000   10.708223769
   11.960000000   10.665201411
   12.000000000   10.629251148
