#! FIELDS distance ffz2 dffz2_distance
#! SET normalisation  1.000000
#! SET min_distance 7.6
#! SET max_distance 20.0
#! SET nbins_distance  500
#! SET periodic_distance false
 7.600000 -15.487439 -2.701243
 7.624800 -14.802027 -19.864402
 7.649600 -15.405832 -19.376798
 7.674400 -15.937309 -18.696274
 7.699200 -16.411503 -17.753810
 7.724000 -16.936606 -17.621297
 7.748800 -17.389569 -16.935429
 7.773600 -17.817783 -16.240352
 7.798400 -18.222989 -15.515859
 7.823200 -18.604669 -14.748868
 7.848000 -18.999785 -14.481618
 7.872800 -19.369651 -14.069394
 7.897600 -19.733710 -13.809727
 7.922400 -20.087290 -13.574150
 7.947200 -20.460515 -13.773015
 7.972000 -20.804087 -13.548395
 7.996800 -21.138683 -13.231675
 8.021600 -21.474535 -12.989415
 8.046400 -21.795686 -12.566760
 8.071200 -22.101618 -11.998649
 8.096000 -22.400013 -11.487823
 8.120800 -22.691226 -11.100947
 8.145600 -22.967061 -10.696274
 8.170400 -23.231533 -10.351823
 8.195200 -23.492455 -10.201523
 8.220000 -23.748145 -10.129454
 8.244800 -24.003982 -10.167157
 8.269600 -24.260209 -10.219192
 8.294400 -24.518194 -10.253050
 8.319200 -24.778090 -10.264962
 8.344000 -25.035886 -10.191961
 8.368800 -25.290825 -10.067255
 8.393600 -25.540530 -9.892004
 8.418400 -25.795215 -9.916255
 8.443200 -26.041890 -9.834033
 8.468000 -26.287774 -9.787078
 8.492800 -26.529964 -9.683510
 8.517600 -26.768736 -9.518649
 8.542400 -27.003557 -9.291725
 8.567200 -27.231190 -8.964713
 8.592000 -27.449864 -8.553776
 8.616800 -27.656512 -8.051529
 8.641600 -27.849292 -7.477680
 8.666400 -28.027203 -6.863713
 8.691200 -28.189663 -6.236669
 8.716000 -28.336726 -5.622137
 8.740800 -28.468956 -5.039558
 8.765600 -28.587146 -4.495504
 8.790400 -28.692356 -3.990144
 8.815200 -28.785351 -3.509008
 8.840000 -28.866498 -3.031409
 8.864800 -28.935595 -2.535565
 8.889600 -28.992026 -2.008886
 8.914400 -29.035002 -1.452426
 8.939200 -29.063973 -0.883867
 8.964000 -29.079006 -0.334929
 8.988800 -29.081091 0.154125
 9.013600 -29.072187 0.545407
 9.038400 -29.055050 0.815976
 9.063200 -29.032684 0.970595
 9.088000 -29.007555 1.047011
 9.112800 -28.980867 1.107434
 9.137600 -28.952207 1.215382
 9.162400 -28.919819 1.410938
 9.187200 -28.881340 1.699684
 9.212000 -28.834775 2.059692
 9.236800 -28.778874 2.443985
 9.261600 -28.713706 2.800645
 9.286400 -28.640546 3.078928
 9.311200 -28.561756 3.242967
 9.336000 -28.480404 3.283903
 9.360800 -28.399287 3.215384
 9.385600 -28.320714 3.085949
 9.410400 -28.245693 2.955225
 9.435200 -28.173587 2.863660
 9.460000 -28.103021 2.835972
 9.484800 -28.032168 2.866438
 9.509600 -27.959787 2.939379
 9.534400 -27.885373 3.031960
 9.559200 -27.808804 3.104652
 9.584000 -27.730874 3.130945
 9.608800 -27.653003 3.098970
 9.633600 -27.576829 3.016660
 9.658400 -27.503181 2.890227
 9.683200 -27.432889 2.753978
 9.708000 -27.365905 2.635495
 9.732800 -27.301571 2.550225
 9.757600 -27.238779 2.493492
 9.782400 -27.176973 2.465059
 9.807200 -27.115655 2.453857
 9.832000 -27.054592 2.446420
 9.856800 -26.993828 2.434422
 9.881600 -26.933417 2.406741
 9.906400 -26.873932 2.362593
 9.931200 -26.815708 2.285079
 9.956000 -26.760132 2.180275
 9.980800 -26.707710 2.022768
 10.005600 -26.659835 1.822223
 10.030400 -26.617177 1.589147
 10.055200 -26.580274 1.361910
 10.080000 -26.548685 1.180657
 10.104800 -26.520809 1.070767
 10.129600 -26.494545 1.050193
 10.154400 -26.467474 1.122708
 10.179200 -26.437565 1.295261
 10.204000 -26.402380 1.543622
 10.228800 -26.360241 1.851612
 10.253600 -26.309918 2.199505
 10.278400 -26.250630 2.562118
 10.303200 -26.182490 2.920646
 10.328000 -26.105803 3.237926
 10.352800 -26.022179 3.490216
 10.377600 -25.933460 3.632192
 10.402400 -25.842747 3.636338
 10.427200 -25.753863 3.493171
 10.452000 -25.670303 3.213230
 10.476800 -25.594774 2.851723
 10.501600 -25.528199 2.497516
 10.526400 -25.469398 2.249662
 10.551200 -25.414748 2.157557
 10.576000 -25.360386 2.242143
 10.600800 -25.301901 2.451349
 10.625600 -25.237119 2.744891
 10.650400 -25.164802 3.055533
 10.675200 -25.085193 3.323326
 10.700000 -25.000049 3.520376
 10.724800 -24.910776 3.615940
 10.749600 -24.820346 3.659631
 10.774400 -24.729038 3.656707
 10.799200 -24.638111 3.675997
 10.824000 -24.546330 3.723616
 10.848800 -24.452650 3.804974
 10.873600 -24.356668 3.927888
 10.898400 -24.257376 4.057214
 10.923200 -24.154572 4.159587
 10.948000 -24.049471 4.228633
 10.972800 -23.943574 4.258747
 10.997600 -23.837282 4.217704
 11.022400 -23.733070 4.155931
 11.047200 -23.630907 4.080305
 11.072000 -23.530078 4.003195
 11.096800 -23.430743 3.977444
 11.121600 -23.331161 3.989804
 11.146400 -23.230804 4.035913
 11.171200 -23.129636 4.094846
 11.196000 -23.027048 4.100841
 11.220800 -22.924746 4.053797
 11.245600 -22.824851 3.985688
 11.270400 -22.726925 3.882573
 11.295200 -22.630629 3.768262
 11.320000 -22.537282 3.748683
 11.344800 -22.443607 3.799559
 11.369600 -22.347240 3.922358
 11.394400 -22.247239 4.152558
 11.419200 -22.140114 4.430463
 11.444000 -22.025435 4.765425
 11.468800 -21.901918 5.116666
 11.493600 -21.769741 5.461889
 11.518400 -21.629904 5.782485
 11.543200 -21.482839 6.039660
 11.568000 -21.329908 6.228597
 11.592800 -21.173351 6.388013
 11.617600 -21.012021 6.474448
 11.642400 -20.849255 6.559276
 11.667200 -20.684929 6.579552
 11.692000 -20.521495 6.479674
 11.716800 -20.362955 6.186757
 11.741600 -20.214210 5.633127
 11.766400 -20.080784 4.841235
 11.791200 -19.967804 3.971401
 11.816000 -19.876888 3.261577
 11.840800 -19.802097 2.785979
 11.865600 -19.736265 2.546050
 11.890400 -19.672473 2.476393
 11.915200 -19.609082 2.614653
 11.940000 -19.541288 2.847532
 11.964800 -19.466551 3.105196
 11.989600 -19.385130 3.398774
 12.014400 -19.296690 3.709456
 12.039200 -19.200849 4.007198
 12.064000 -19.097881 4.268391
 12.088800 -18.989117 4.480415
 12.113600 -18.876067 4.614606
 12.138400 -18.760464 4.632941
 12.163200 -18.645951 4.561252
 12.188000 -18.534454 4.408899
 12.212800 -18.426292 4.195631
 12.237600 -18.323892 4.066154
 12.262400 -18.223671 4.015554
 12.287200 -18.122458 4.035187
 12.312000 -18.020522 4.176515
 12.336800 -17.913899 4.294150
 12.361600 -17.805820 4.396593
 12.386400 -17.695946 4.347733
 12.411200 -17.589419 4.173420
 12.436000 -17.488931 3.866442
 12.460800 -17.396764 3.475954
 12.485600 -17.314734 3.106611
 12.510400 -17.241215 2.797341
 12.535200 -17.174544 2.588834
 12.560000 -17.111840 2.470945
 12.584800 -17.050711 2.429249
 12.609600 -16.989553 2.462529
 12.634400 -16.926624 2.554113
 12.659200 -16.861216 2.705564
 12.684000 -16.791707 2.861909
 12.708800 -16.718684 3.004458
 12.733600 -16.642935 3.081069
 12.758400 -16.566595 3.049402
 12.783200 -16.492524 2.884413
 12.808000 -16.423705 2.598542
 12.832800 -16.363106 2.275884
 12.857600 -16.310442 1.971334
 12.882400 -16.264410 1.759879
 12.907200 -16.221683 1.661609
 12.932000 -16.179937 1.711809
 12.956800 -16.135614 1.865082
 12.981600 -16.086551 2.086584
 13.006400 -16.031295 2.330871
 13.031200 -15.970210 2.575232
 13.056000 -15.903505 2.747368
 13.080800 -15.834181 2.815164
 13.105600 -15.765093 2.692026
 13.130400 -15.701786 2.370996
 13.155200 -15.648827 1.871231
 13.180000 -15.609409 1.301390
 13.204800 -15.583443 0.811304
 13.229600 -15.567067 0.508966
 13.254400 -15.555403 0.462321
 13.279200 -15.542262 0.616660
 13.304000 -15.523464 0.896351
 13.328800 -15.496993 1.232881
 13.353600 -15.462166 1.563380
 13.378400 -15.419405 1.851859
 13.403200 -15.370195 2.108923
 13.428000 -15.314909 2.320513
 13.452800 -15.254841 2.507284
 13.477600 -15.190608 2.652341
 13.502400 -15.123619 2.731071
 13.527200 -15.055894 2.708208
 13.552000 -14.990235 2.558864
 13.576800 -14.929849 2.293034
 13.601600 -14.877120 1.941257
 13.626400 -14.833476 1.562877
 13.651200 -14.798787 1.209419
 13.676000 -14.771904 0.922339
 13.700800 -14.751371 0.740285
 13.725600 -14.734241 0.655414
 13.750400 -14.717871 0.677454
 13.775200 -14.699499 0.814802
 13.800000 -14.676204 1.052225
 13.824800 -14.645901 1.382664
 13.849600 -14.606873 1.760864
 13.874400 -14.558463 2.120683
 13.899200 -14.502116 2.402651
 13.924000 -14.440654 2.510313
 13.948800 -14.379568 2.368771
 13.973600 -14.325764 1.914293
 13.998400 -14.286940 1.156271
 14.023200 -14.269355 0.232906
 14.048000 -14.274679 -0.639542
 14.072800 -14.298913 -1.272579
 14.097600 -14.334662 -1.558582
 14.122400 -14.373402 -1.514669
 14.147200 -14.407667 -1.222419
 14.172000 -14.432431 -0.771691
 14.196800 -14.444897 -0.238484
 14.221600 -14.443914 0.310367
 14.246400 -14.429696 0.825781
 14.271200 -14.403530 1.265289
 14.296000 -14.367773 1.593310
 14.320800 -14.325567 1.773688
 14.345600 -14.281085 1.783112
 14.370400 -14.238648 1.609293
 14.395200 -14.202535 1.281598
 14.420000 -14.175739 0.869303
 14.444800 -14.159274 0.468078
 14.469600 -14.151709 0.161786
 14.494400 -14.150035 -0.004504
 14.519200 -14.150641 -0.026590
 14.544000 -14.150246 0.064861
 14.568800 -14.146465 0.219810
 14.593600 -14.138563 0.411480
 14.618400 -14.126138 0.582120
 14.643200 -14.110052 0.701389
 14.668000 -14.091948 0.747920
 14.692800 -14.073446 0.717202
 14.717600 -14.056506 0.635380
 14.742400 -14.042118 0.522447
 14.767200 -14.030594 0.406012
 14.792000 -14.021875 0.302847
 14.816800 -14.015447 0.218776
 14.841600 -14.010832 0.147325
 14.866400 -14.007958 0.085133
 14.891200 -14.006459 0.028815
 14.916000 -14.006215 -0.007344
 14.940800 -14.006613 -0.022410
 14.965600 -14.007213 -0.017126
 14.990400 -14.007231 -0.002227
 15.015200 -14.007080 0.006486
 15.040000 -14.007279 -0.030355
 15.064800 -14.009246 -0.143228
 15.089600 -14.015156 -0.345766
 15.114400 -14.026944 -0.623454
 15.139200 -14.046171 -0.929243
 15.164000 -14.072734 -1.210487
 15.188800 -14.105573 -1.421533
 15.213600 -14.142439 -1.539556
 15.238400 -14.180972 -1.554662
 15.263200 -14.218654 -1.473836
 15.288000 -14.253215 -1.302788
 15.312800 -14.282567 -1.051045
 15.337600 -14.304774 -0.731190
 15.362400 -14.318322 -0.353925
 15.387200 -14.322012 0.058238
 15.412000 -14.315207 0.490480
 15.436800 -14.297683 0.917784
 15.461600 -14.269804 1.324744
 15.486400 -14.232310 1.691717
 15.511200 -14.186381 1.997542
 15.536000 -14.133930 2.213652
 15.560800 -14.077632 2.294563
 15.585600 -14.021527 2.193208
 15.610400 -13.970640 1.870786
 15.635200 -13.930373 1.342034
 15.660000 -13.904801 0.705040
 15.684800 -13.894927 0.111640
 15.709600 -13.897713 -0.297825
 15.734400 -13.907367 -0.460437
 15.759200 -13.918092 -0.373180
 15.784000 -13.924298 -0.122765
 15.808800 -13.923132 0.211726
 15.833600 -13.913711 0.536662
 15.858400 -13.897167 0.769734
 15.883200 -13.876639 0.854340
 15.908000 -13.856073 0.764921
 15.932800 -13.839623 0.538571
 15.957600 -13.829754 0.243380
 15.982400 -13.827152 -0.023321
 16.007200 -13.830157 -0.196466
 16.032000 -13.835901 -0.248961
 16.056800 -13.841591 -0.194846
 16.081600 -13.845006 -0.074476
 16.106400 -13.844953 0.075853
 16.131200 -13.841170 0.228756
 16.156000 -13.833691 0.363760
 16.180800 -13.823184 0.475493
 16.205600 -13.810230 0.549478
 16.230400 -13.796002 0.584445
 16.255200 -13.781538 0.567626
 16.280000 -13.768237 0.496299
 16.304800 -13.757337 0.375095
 16.329600 -13.749857 0.223369
 16.354400 -13.746223 0.069824
 16.379200 -13.746132 -0.058738
 16.404000 -13.748680 -0.139332
 16.428800 -13.752437 -0.156266
 16.453600 -13.755810 -0.120643
 16.478400 -13.757821 -0.039938
 16.503200 -13.757598 0.057202
 16.528000 -13.755048 0.143393
 16.552800 -13.750624 0.201484
 16.577600 -13.745158 0.228319
 16.602400 -13.739367 0.231511
 16.627200 -13.733591 0.237413
 16.652000 -13.727404 0.265973
 16.676800 -13.719890 0.341737
 16.701600 -13.709869 0.471956
 16.726400 -13.696145 0.640019
 16.751200 -13.678078 0.811014
 16.776000 -13.656134 0.933156
 16.800800 -13.632428 0.956093
 16.825600 -13.609999 0.823825
 16.850400 -13.592874 0.526492
 16.875200 -13.584672 0.117504
 16.900000 -13.586911 -0.299952
 16.924800 -13.598357 -0.597739
 16.949600 -13.614877 -0.698201
 16.974400 -13.631151 -0.581872
 16.999200 -13.642160 -0.289708
 17.024000 -13.644474 0.112683
 17.048800 -13.636245 0.541623
 17.073600 -13.617805 0.924444
 17.098400 -13.591252 1.193087
 17.123200 -13.560007 1.296550
 17.148000 -13.528497 1.211280
 17.172800 -13.501308 0.953072
 17.197600 -13.482057 0.587886
 17.222400 -13.472285 0.198475
 17.247200 -13.471692 -0.140305
 17.272000 -13.478450 -0.387830
 17.296800 -13.490262 -0.556311
 17.321600 -13.505760 -0.688234
 17.346400 -13.524631 -0.831880
 17.371200 -13.547286 -1.013259
 17.396000 -13.574943 -1.222587
 17.420800 -13.607673 -1.414113
 17.445600 -13.644399 -1.536102
 17.470400 -13.683050 -1.558824
 17.495200 -13.720912 -1.483946
 17.520000 -13.756137 -1.346613
 17.544800 -13.787630 -1.196238
 17.569600 -13.815766 -1.082636
 17.594400 -13.841915 -1.036451
 17.619200 -13.867695 -1.051753
 17.644000 -13.894419 -1.104653
 17.668800 -13.922519 -1.157989
 17.693600 -13.951596 -1.178090
 17.718400 -13.980584 -1.146895
 17.743200 -14.008102 -1.058544
 17.768000 -14.032718 -0.918835
 17.792800 -14.053546 -0.749992
 17.817600 -14.069956 -0.572793
 17.842400 -14.082233 -0.424829
 17.867200 -14.091768 -0.359167
 17.892000 -14.101239 -0.421696
 17.916800 -14.114136 -0.642403
 17.941600 -14.134352 -1.011502
 17.966400 -14.165118 -1.470104
 17.991200 -14.207197 -1.912580
 18.016000 -14.259332 -2.261476
 18.040800 -14.318334 -2.466468
 18.065600 -14.380629 -2.536632
 18.090400 -14.443374 -2.514564
 18.115200 -14.504978 -2.448576
 18.140000 -14.564771 -2.369195
 18.164800 -14.622481 -2.285996
 18.189600 -14.677985 -2.186904
 18.214400 -14.730679 -2.052437
 18.239200 -14.779356 -1.864486
 18.264000 -14.822594 -1.611919
 18.288800 -14.858839 -1.302988
 18.313600 -14.886927 -0.954209
 18.338400 -14.906120 -0.590549
 18.363200 -14.916390 -0.241038
 18.388000 -14.918510 0.062941
 18.412800 -14.914028 0.288331
 18.437600 -14.905084 0.413230
 18.462400 -14.894541 0.417221
 18.487200 -14.885374 0.298872
 18.512000 -14.880671 0.070172
 18.536800 -14.882532 -0.229802
 18.561600 -14.892349 -0.561642
 18.586400 -14.910196 -0.871463
 18.611200 -14.935087 -1.119313
 18.636000 -14.964996 -1.277263
 18.660800 -14.997455 -1.331318
 18.685600 -15.030053 -1.285268
 18.710400 -15.060539 -1.164565
 18.735200 -15.087385 -1.004567
 18.760000 -15.110184 -0.832608
 18.784800 -15.128948 -0.683514
 18.809600 -15.144280 -0.563203
 18.834400 -15.157070 -0.472006
 18.859200 -15.167832 -0.396468
 18.884000 -15.176708 -0.321487
 18.908800 -15.183621 -0.239567
 18.933600 -15.188474 -0.152366
 18.958400 -15.191395 -0.087163
 18.983200 -15.193184 -0.068732
 19.008000 -15.195315 -0.116504
 19.032800 -15.199458 -0.225458
 19.057600 -15.206724 -0.361728
 19.082400 -15.217182 -0.475308
 19.107200 -15.229631 -0.518024
 19.132000 -15.242064 -0.470225
 19.156800 -15.252342 -0.349251
 19.181600 -15.259025 -0.194630
 19.206400 -15.262033 -0.051852
 19.231200 -15.262045 0.040869
 19.256000 -15.260561 0.074079
 19.280800 -15.258649 0.065753
 19.305600 -15.257156 0.055480
 19.330400 -15.255692 0.059731
 19.355200 -15.253909 0.083832
 19.380000 -15.251620 0.093665
 19.404800 -15.249562 0.055366
 19.429600 -15.249523 -0.065615
 19.454400 -15.253486 -0.267499
 19.479200 -15.263220 -0.511502
 19.504000 -15.278671 -0.724643
 19.528800 -15.298360 -0.847127
 19.553600 -15.319552 -0.850313
 19.578400 -15.339579 -0.743973
 19.603200 -15.356101 -0.587693
 19.628000 -15.368885 -0.455078
 19.652800 -15.379471 -0.419033
 19.677600 -15.390857 -0.529351
 19.702400 -15.406887 -0.784615
 19.727200 -15.430573 -1.135551
 19.752000 -15.463074 -1.475965
 19.776800 -15.502957 -1.720311
 19.801600 -15.547106 -1.810766
 19.826400 -15.591427 -1.735390
 19.851200 -15.632018 -1.518310
 19.876000 -15.665955 -1.203174
 19.900800 -15.691274 -0.837896
 19.925600 -15.707475 -0.474034
 19.950400 -15.715334 -0.165991
 19.975200 -15.716610 0.041647
 20.000000 -15.724152 0.115629
