#! FIELDS distance ffz2 dffz2_distance
#! SET normalisation  1.000000
#! SET min_distance 7.6
#! SET max_distance 20.0
#! SET nbins_distance  300
#! SET periodic_distance false
 7.600000 10.599285 -0.288203
 7.641333 12.275866 -17.945000
 7.682667 11.524779 -16.700487
 7.724000 10.811604 -15.841678
 7.765333 10.122511 -15.384834
 7.806667 9.476636 -14.846024
 7.848000 8.836256 -14.613724
 7.889333 8.224893 -14.182258
 7.930667 7.636668 -13.646357
 7.972000 7.070412 -13.113710
 8.013333 6.525580 -12.644735
 8.054667 6.001312 -12.247239
 8.096000 5.498368 -11.833118
 8.137333 5.015649 -11.355446
 8.178667 4.552425 -10.823362
 8.220000 4.115182 -10.177233
 8.261333 3.705938 -9.500329
 8.302667 3.323573 -8.902356
 8.344000 2.963523 -8.458730
 8.385333 2.618147 -8.194117
 8.426667 2.282168 -8.017899
 8.468000 1.953522 -7.823757
 8.509333 1.635619 -7.509156
 8.550667 1.333988 -7.046119
 8.592000 1.054097 -6.462376
 8.633333 0.800425 -5.796476
 8.674667 0.575070 -5.101183
 8.716000 0.378427 -4.414614
 8.757333 0.209520 -3.760799
 8.798667 0.066950 -3.142150
 8.840000 -0.050661 -2.551359
 8.881333 -0.144211 -1.976875
 8.922667 -0.214273 -1.414979
 8.964000 -0.261442 -0.870989
 9.005333 -0.286616 -0.351305
 9.046667 -0.290758 0.148269
 9.088000 -0.274427 0.640891
 9.129333 -0.237766 1.129811
 9.170667 -0.181292 1.593727
 9.212000 -0.106768 1.995408
 9.253333 -0.017366 2.310298
 9.294667 0.083292 2.540797
 9.336000 0.192057 2.702495
 9.377333 0.306241 2.796566
 9.418667 0.422761 2.812800
 9.460000 0.538244 2.744465
 9.501333 0.649581 2.615132
 9.542667 0.754952 2.455271
 9.584000 0.853365 2.280076
 9.625333 0.943837 2.065901
 9.666667 1.024177 1.791369
 9.708000 1.092017 1.465093
 9.749333 1.146542 1.167628
 9.790667 1.191018 0.999716
 9.832000 1.231977 0.992865
 9.873333 1.274899 1.075785
 9.914667 1.320591 1.102939
 9.956000 1.364153 0.963112
 9.997333 1.398554 0.681388
 10.038667 1.421217 0.433812
 10.080000 1.438496 0.455695
 10.121333 1.464777 0.877501
 10.162667 1.516259 1.653434
 10.204000 1.604085 2.593636
 10.245333 1.729479 3.419579
 10.286667 1.881419 3.828926
 10.328000 2.038276 3.657264
 10.369333 2.178240 3.067662
 10.410667 2.292627 2.480964
 10.452000 2.388372 2.189034
 10.493333 2.478466 2.193763
 10.534667 2.574124 2.367580
 10.576000 2.679265 2.704232
 10.617333 2.798705 3.051500
 10.658667 2.931473 3.348522
 10.700000 3.075254 3.591849
 10.741333 3.229297 3.840885
 10.782667 3.394749 4.150156
 10.824000 3.573366 4.444792
 10.865333 3.762052 4.629759
 10.906667 3.955155 4.651380
 10.948000 4.147797 4.581844
 10.989333 4.337982 4.582624
 11.030667 4.529343 4.647928
 11.072000 4.723879 4.688866
 11.113333 4.919333 4.636695
 11.154667 5.110224 4.543560
 11.196000 5.296509 4.415492
 11.237333 5.478712 4.377297
 11.278667 5.662792 4.469430
 11.320000 5.853636 4.723103
 11.361333 6.055780 4.985809
 11.402667 6.265524 5.042298
 11.444000 6.469497 4.705162
 11.485333 6.650723 3.931277
 11.526667 6.795411 2.984823
 11.568000 6.902464 2.194281
 11.609333 6.981412 1.636559
 11.650667 7.040752 1.183118
 11.692000 7.081677 0.762531
 11.733333 7.106446 0.468285
 11.774667 7.126639 0.586471
 11.816000 7.164211 1.324837
 11.857333 7.244014 2.600703
 11.898667 7.383819 4.178540
 11.940000 7.590384 5.779498
 11.981333 7.857897 7.066838
 12.022667 8.164874 7.614800
 12.064000 8.473466 7.072143
 12.105333 8.740292 5.749678
 12.146667 8.950765 4.482732
 12.188000 9.120601 3.810506
 12.229333 9.277983 3.468050
 12.270667 9.425063 3.614253
 12.312000 9.578085 3.744000
 12.353333 9.735205 3.821366
 12.394667 9.892723 3.731229
 12.436000 10.041948 3.419305
 12.477333 10.174502 2.931200
 12.518667 10.286792 2.492170
 12.560000 10.385421 2.291294
 12.601333 10.481624 2.366729
 12.642667 10.584696 2.603318
 12.684000 10.698024 2.836855
 12.725333 10.818470 2.937941
 12.766667 10.938615 2.825660
 12.808000 11.049364 2.478765
 12.849333 11.141827 1.964020
 12.890667 11.211354 1.376385
 12.932000 11.258399 0.907182
 12.973333 11.291851 0.767345
 13.014667 11.328163 1.038908
 13.056000 11.383308 1.650269
 13.097333 11.466582 2.360303
 13.138667 11.575587 2.844321
 13.180000 11.695476 2.854854
 13.221333 11.806024 2.436055
 13.262667 11.896041 1.933281
 13.304000 11.969276 1.635805
 13.345333 12.034200 1.504930
 13.386667 12.092864 1.286944
 13.428000 12.138892 0.902365
 13.469333 12.169341 0.581693
 13.510667 12.193645 0.672916
 13.552000 12.231788 1.239045
 13.593333 12.300282 2.091880
 13.634667 12.404275 2.883407
 13.676000 12.532877 3.222093
 13.717333 12.660377 2.804555
 13.758667 12.756601 1.784242
 13.800000 12.808933 0.806854
 13.841333 12.831358 0.372393
 13.882667 12.848030 0.508184
 13.924000 12.878458 0.963653
 13.965333 12.930186 1.515882
 14.006667 13.001916 1.887354
 14.048000 13.081850 1.910720
 14.089333 13.155448 1.616971
 14.130667 13.215852 1.336990
 14.172000 13.271320 1.409672
 14.213333 13.338371 1.877346
 14.254667 13.428927 2.495142
 14.296000 13.541979 2.885387
 14.337333 13.660739 2.740136
 14.378667 13.760894 2.018928
 14.420000 13.825792 1.126538
 14.461333 13.858575 0.520712
 14.502667 13.874193 0.276423
 14.544000 13.884694 0.223446
 14.585333 13.894426 0.228886
 14.626667 13.904137 0.210401
 14.668000 13.912019 0.161451
 14.709333 13.917330 0.095745
 14.750667 13.921010 0.099281
 14.792000 13.927300 0.217205
 14.833333 13.940089 0.399500
 14.874667 13.959270 0.497415
 14.916000 13.978573 0.398367
 14.957333 13.989568 0.107873
 14.998667 13.986890 -0.235745
 15.040000 13.971478 -0.489768
 15.081333 13.948737 -0.590717
 15.122667 13.924517 -0.570677
 15.164000 13.902080 -0.518681
 15.205333 13.881302 -0.496163
 15.246667 13.861238 -0.473030
 15.288000 13.843572 -0.361229
 15.329333 13.833328 -0.115026
 15.370667 13.835508 0.222554
 15.412000 13.851643 0.542956
 15.453333 13.878703 0.737619
 15.494667 13.910569 0.774618
 15.536000 13.941534 0.708116
 15.577333 13.968754 0.600935
 15.618667 13.990997 0.466259
 15.660000 14.007140 0.307473
 15.701333 14.017363 0.202029
 15.742667 14.026130 0.245673
 15.784000 14.039747 0.412826
 15.825333 14.059284 0.488646
 15.866667 14.075531 0.227083
 15.908000 14.073219 -0.379880
 15.949333 14.044175 -0.994887
 15.990667 13.995430 -1.312212
 16.032000 13.940074 -1.333628
 16.073333 13.886638 -1.250565
 16.114667 13.836358 -1.191163
 16.156000 13.787955 -1.154115
 16.197333 13.741798 -1.071772
 16.238667 13.700930 -0.885555
 16.280000 13.670279 -0.579609
 16.321333 13.654166 -0.192986
 16.362667 13.654145 0.177406
 16.404000 13.666951 0.405582
 16.445333 13.684942 0.429337
 16.486667 13.700449 0.306236
 16.528000 13.710522 0.194516
 16.569333 13.718401 0.206806
 16.610667 13.729076 0.308956
 16.652000 13.743348 0.354217
 16.693333 13.755310 0.167358
 16.734667 13.753861 -0.278994
 16.776000 13.731336 -0.803350
 16.817333 13.690503 -1.123562
 16.858667 13.643745 -1.078707
 16.900000 13.605973 -0.706332
 16.941333 13.588192 -0.137911
 16.982667 13.595295 0.475159
 17.024000 13.625926 0.968283
 17.065333 13.671482 1.170720
 17.106667 13.716285 0.907935
 17.148000 13.739699 0.154192
 17.189333 13.725672 -0.839833
 17.230667 13.673647 -1.605324
 17.272000 13.600538 -1.842228
 17.313333 13.528351 -1.590652
 17.354667 13.472551 -1.094076
 17.396000 13.437453 -0.634414
 17.437333 13.416718 -0.429884
 17.478667 13.397014 -0.584560
 17.520000 13.363888 -1.060472
 17.561333 13.308018 -1.634983
 17.602667 13.231900 -1.983669
 17.644000 13.150437 -1.876867
 17.685333 13.082867 -1.335572
 17.726667 13.043067 -0.579316
 17.768000 13.033781 0.089313
 17.809333 13.045393 0.390066
 17.850667 13.058532 0.155379
 17.892000 13.051936 -0.528349
 17.933333 13.013425 -1.319286
 17.974667 12.946556 -1.849027
 18.016000 12.866772 -1.933332
 18.057333 12.792503 -1.603350
 18.098667 12.737480 -1.043153
 18.140000 12.706259 -0.497922
 18.181333 12.692667 -0.221733
 18.222667 12.682290 -0.343556
 18.264000 12.660663 -0.719968
 18.305333 12.624124 -1.006055
 18.346667 12.581756 -0.993482
 18.388000 12.544838 -0.785619
 18.429333 12.515847 -0.650729
 18.470667 12.487497 -0.765930
 18.512000 12.450619 -1.025200
 18.553333 12.404741 -1.157870
 18.594667 12.358285 -1.054780
 18.636000 12.319049 -0.846584
 18.677333 12.287020 -0.731621
 18.718667 12.255843 -0.804201
 18.760000 12.219154 -0.972001
 18.801333 12.176753 -1.053776
 18.842667 12.134435 -0.969480
 18.884000 12.097463 -0.826067
 18.925333 12.064093 -0.829712
 18.966667 12.024714 -1.129183
 19.008000 11.967979 -1.625339
 19.049333 11.891977 -2.002675
 19.090667 11.807898 -1.994245
 19.132000 11.732133 -1.622033
 19.173333 11.675344 -1.136105
 19.214667 11.634810 -0.896402
 19.256000 11.594026 -1.170406
 19.297333 11.531688 -1.890033
 19.338667 11.437826 -2.601183
 19.380000 11.322949 -2.865509
 19.421333 11.207986 -2.624228
 19.462667 11.110045 -2.088721
 19.504000 11.035483 -1.539067
 19.545333 10.979845 -1.199657
 19.586667 10.932684 -1.118086
 19.628000 10.886076 -1.130972
 19.669333 10.840901 -1.019110
 19.710667 10.804339 -0.728868
 19.752000 10.780850 -0.426996
 19.793333 10.765570 -0.375693
 19.834667 10.743902 -0.745773
 19.876000 10.699831 -1.405703
 19.917333 10.629757 -1.929422
 19.958667 10.547290 -1.971251
 20.000000 10.448500 -1.456915
