#! FIELDS xydist projection
#! SET min_xydist 0.0
#! SET max_xydist 12.0
#! SET nbins_xydist  301
#! SET periodic_xydist false
    0.000000000   14.251491658
    0.040000000   10.535858387
    0.080000000    9.031923003
    0.120000000    9.131322903
    0.160000000    9.755638412
    0.200000000   10.126366675
    0.240000000   10.081622652
    0.280000000    9.842266029
    0.320000000    9.635051553
    0.360000000    9.526251042
    0.400000000    9.487060277
    0.440000000    9.448639868
    0.480000000    9.426038262
    0.520000000    9.423207461
    0.560000000    9.426138133
    0.600000000    9.410388948
    0.640000000    9.366236785
    0.680000000    9.291899338
    0.720000000    9.196311054
    0.760000000    9.084483332
    0.800000000    8.965940574
    0.840000000    8.831588009
    0.880000000    8.675306696
    0.920000000    8.513746389
    0.960000000    8.388899156
    1.000000000    8.332417141
    1.040000000    8.332940701
    1.080000000    8.329774388
    1.120000000    8.265816080
    1.160000000    8.140837682
    1.200000000    8.003135961
    1.240000000    7.893051164
    1.280000000    7.806927192
    1.320000000    7.704595150
    1.360000000    7.557876145
    1.400000000    7.373940204
    1.440000000    7.181761099
    1.480000000    7.016615552
    1.520000000    6.890110037
    1.560000000    6.807025618
    1.600000000    6.746779600
    1.640000000    6.673941654
    1.680000000    6.557285889
    1.720000000    6.386699891
    1.760000000    6.192157307
    1.800000000    6.010359865
    1.840000000    5.854981041
    1.880000000    5.701175822
    1.920000000    5.521513815
    1.960000000    5.323046697
    2.000000000    5.144524098
    2.040000000    5.002052711
    2.080000000    4.885095700
    2.120000000    4.755109650
    2.160000000    4.595322947
    2.200000000    4.415234413
    2.240000000    4.234971311
    2.280000000    4.068049405
    2.320000000    3.907486841
    2.360000000    3.744366558
    2.400000000    3.583086471
    2.440000000    3.445122344
    2.480000000    3.328110569
    2.520000000    3.201646711
    2.560000000    3.033439089
    2.600000000    2.839415733
    2.640000000    2.660446633
    2.680000000    2.506896918
    2.720000000    2.353126619
    2.760000000    2.168721048
    2.800000000    1.963445710
    2.840000000    1.777608869
    2.880000000    1.632493090
    2.920000000    1.521642073
    2.960000000    1.419985942
    3.000000000    1.309222859
    3.040000000    1.185326766
    3.080000000    1.057106733
    3.120000000    0.938305773
    3.160000000    0.823435552
    3.200000000    0.694643664
    3.240000000    0.540027888
    3.280000000    0.367954762
    3.320000000    0.212990295
    3.360000000    0.099609342
    3.400000000    0.033144068
    3.440000000    0.001458255
    3.480000000    0.000000000
    3.520000000    0.023564805
    3.560000000    0.065083373
    3.600000000    0.101202474
    3.640000000    0.134585692
    3.680000000    0.193334182
    3.720000000    0.325029754
    3.760000000    0.549092726
    3.800000000    0.848677881
    3.840000000    1.192724781
    3.880000000    1.549460820
    3.920000000    1.886795466
    3.960000000    2.192750253
    4.000000000    2.470248198
    4.040000000    2.711502924
    4.080000000    2.887995008
    4.120000000    2.988348184
    4.160000000    3.037291014
    4.200000000    3.080077300
    4.240000000    3.149159472
    4.280000000    3.259104856
    4.320000000    3.400264004
    4.360000000    3.551584715
    4.400000000    3.697396621
    4.440000000    3.828872757
    4.480000000    3.961211736
    4.520000000    4.117691824
    4.560000000    4.314515295
    4.600000000    4.559432246
    4.640000000    4.857427341
    4.680000000    5.204738015
    4.720000000    5.574558459
    4.760000000    5.938325802
    4.800000000    6.296626198
    4.840000000    6.681154333
    4.880000000    7.111526870
    4.920000000    7.555757027
    4.960000000    7.967423922
    5.000000000    8.358441907
    5.040000000    8.794741016
    5.080000000    9.301761614
    5.120000000    9.839474796
    5.160000000   10.331558412
    5.200000000   10.757810214
    5.240000000   11.157707421
    5.280000000   11.562713092
    5.320000000   11.958168267
    5.360000000   12.311462600
    5.400000000   12.618833063
    5.440000000   12.905484956
    5.480000000   13.195137254
    5.520000000   13.486823481
    5.560000000   13.766424120
    5.600000000   14.015827673
    5.640000000   14.240997153
    5.680000000   14.463901174
    5.720000000   14.701500630
    5.760000000   14.948733232
    5.800000000   15.195328213
    5.840000000   15.431548682
    5.880000000   15.668461637
    5.920000000   15.925335592
    5.960000000   16.206267573
    6.000000000   16.477566396
    6.040000000   16.678076940
    6.080000000   16.770800459
    6.120000000   16.789585865
    6.160000000   16.797476257
    6.200000000   16.826769065
    6.240000000   16.866297895
    6.280000000   16.898593238
    6.320000000   16.929798110
    6.360000000   16.988080638
    6.400000000   17.096779760
    6.440000000   17.252301533
    6.480000000   17.419562222
    6.520000000   17.570064224
    6.560000000   17.704487226
    6.600000000   17.827810922
    6.640000000   17.934427795
    6.680000000   18.015475151
    6.720000000   18.082035777
    6.760000000   18.141090095
    6.800000000   18.177969866
    6.840000000   18.171389614
    6.880000000   18.137672623
    6.920000000   18.127888844
    6.960000000   18.165753567
    7.000000000   18.233047027
    7.040000000   18.311199767
    7.080000000   18.405125543
    7.120000000   18.525905515
    7.160000000   18.665179266
    7.200000000   18.793084802
    7.240000000   18.894734574
    7.280000000   18.987599851
    7.320000000   19.075012747
    7.360000000   19.117030132
    7.400000000   19.079775995
    7.440000000   18.980199916
    7.480000000   18.866723977
    7.520000000   18.779174006
    7.560000000   18.732402972
    7.600000000   18.723474700
    7.640000000   18.740185432
    7.680000000   18.780008137
    7.720000000   18.848838097
    7.760000000   18.938174586
    7.800000000   19.015851447
    7.840000000   19.046447299
    7.880000000   19.029287046
    7.920000000   18.981926697
    7.960000000   18.936279446
    8.000000000   18.924509022
    8.040000000   18.949711651
    8.080000000   18.988579717
    8.120000000   19.028736904
    8.160000000   19.061322513
    8.200000000   19.066275582
    8.240000000   19.025697006
    8.280000000   18.970652177
    8.320000000   18.955978617
    8.360000000   19.005663597
    8.400000000   19.088297163
    8.440000000   19.148428009
    8.480000000   19.168376596
    8.520000000   19.176045631
    8.560000000   19.209504811
    8.600000000   19.283001978
    8.640000000   19.366946815
    8.680000000   19.413834870
    8.720000000   19.404004361
    8.760000000   19.362926077
    8.800000000   19.342762438
    8.840000000   19.372916261
    8.880000000   19.428701223
    8.920000000   19.469207276
    8.960000000   19.471915703
    9.000000000   19.427726341
    9.040000000   19.337760962
    9.080000000   19.223370875
    9.120000000   19.134150762
    9.160000000   19.097838093
    9.200000000   19.111525874
    9.240000000   19.145683812
    9.280000000   19.178829104
    9.320000000   19.214579712
    9.360000000   19.249099042
    9.400000000   19.263106303
    9.440000000   19.231325986
    9.480000000   19.144426676
    9.520000000   19.037672408
    9.560000000   18.963867413
    9.600000000   18.944644515
    9.640000000   18.956045753
    9.680000000   18.963507382
    9.720000000   18.960144857
    9.760000000   18.976461027
    9.800000000   19.045715918
    9.840000000   19.155231015
    9.880000000   19.242051310
    9.920000000   19.252178081
    9.960000000   19.190797845
   10.000000000   19.108397187
   10.040000000   19.064348809
   10.080000000   19.075842054
   10.120000000   19.106516942
   10.160000000   19.096373390
   10.200000000   19.019644457
   10.240000000   18.908061252
   10.280000000   18.828163057
   10.320000000   18.822957618
   10.360000000   18.874298976
   10.400000000   18.927063802
   10.440000000   18.943675302
   10.480000000   18.922922861
   10.520000000   18.890674076
   10.560000000   18.855426286
   10.600000000   18.813800508
   10.640000000   18.764130058
   10.680000000   18.721658035
   10.720000000   18.697544360
   10.760000000   18.678879648
   10.800000000   18.639525733
   10.840000000   18.585103749
   10.880000000   18.551807716
   10.920000000   18.575531730
   10.960000000   18.643981820
   11.000000000   18.715013760
   11.040000000   18.743451953
   11.080000000   18.708236347
   11.120000000   18.626996543
   11.160000000   18.536314407
   11.200000000   18.441740175
   11.240000000   18.350053561
   11.280000000   18.289426552
   11.320000000   18.290875984
   11.360000000   18.352975007
   11.400000000   18.427679994
   11.440000000   18.463967072
   11.480000000   18.430090272
   11.520000000   18.335146092
   11.560000000   18.236085526
   11.600000000   18.184064783
   11.640000000   18.185051919
   11.680000000   18.214608163
   11.720000000   18.243432295
   11.760000000   18.244719598
   11.800000000   18.227480734
   11.840000000   18.223425393
   11.880000000   18.253800246
   11.920000000   18.288424718
   11.960000000   18.272295088
   12.000000000   18.185307904
