#! FIELDS distance ffz2 dffz2_distance
#! SET normalisation  1.000000
#! SET min_distance 7.6
#! SET max_distance 20.0
#! SET nbins_distance  300
#! SET periodic_distance false
 7.600000 12.077253 -2.068838
 7.641333 12.508535 -19.318510
 7.682667 11.664427 -18.172831
 7.724000 10.859992 -17.404651
 7.765333 10.125792 -16.494478
 7.806667 9.446517 -15.508896
 7.848000 8.788493 -14.855985
 7.889333 8.167957 -14.209251
 7.930667 7.573462 -13.685956
 7.972000 7.006693 -13.170635
 8.013333 6.461662 -12.688465
 8.054667 5.938183 -12.197758
 8.096000 5.431854 -11.781163
 8.137333 4.952498 -11.249022
 8.178667 4.496989 -10.679753
 8.220000 4.064333 -10.101581
 8.261333 3.656634 -9.490272
 8.302667 3.274758 -8.882115
 8.344000 2.917581 -8.347805
 8.385333 2.579446 -7.978614
 8.426667 2.253555 -7.763220
 8.468000 1.935259 -7.591429
 8.509333 1.625944 -7.318737
 8.550667 1.331470 -6.885154
 8.592000 1.057624 -6.337662
 8.633333 0.807462 -5.755806
 8.674667 0.581255 -5.190067
 8.716000 0.377770 -4.653788
 8.757333 0.196300 -4.123864
 8.798667 0.037069 -3.574617
 8.840000 -0.098725 -2.988085
 8.881333 -0.209367 -2.357626
 8.922667 -0.293062 -1.685540
 8.964000 -0.348264 -0.981024
 9.005333 -0.373916 -0.259111
 9.046667 -0.369749 0.456827
 9.088000 -0.336683 1.132011
 9.129333 -0.277307 1.721856
 9.170667 -0.195990 2.188048
 9.212000 -0.098109 2.525456
 9.253333 0.011645 2.767362
 9.294667 0.130230 2.954876
 9.336000 0.255521 3.081543
 9.377333 0.384020 3.094553
 9.418667 0.510007 2.955187
 9.460000 0.627645 2.701157
 9.501333 0.734081 2.423537
 9.542667 0.829703 2.186669
 9.584000 0.916275 1.983675
 9.625333 0.995160 1.822160
 9.666667 1.069142 1.752460
 9.708000 1.142899 1.820008
 9.749333 1.221199 1.949809
 9.790667 1.303636 2.001650
 9.832000 1.383997 1.832919
 9.873333 1.452488 1.437144
 9.914667 1.502369 0.969733
 9.956000 1.535549 0.670020
 9.997333 1.562660 0.687448
 10.038667 1.596697 0.979110
 10.080000 1.645416 1.365553
 10.121333 1.708807 1.666843
 10.162667 1.782105 1.862504
 10.204000 1.863283 2.070259
 10.245333 1.955258 2.390928
 10.286667 2.061859 2.748074
 10.328000 2.181241 2.988122
 10.369333 2.306713 3.048157
 10.410667 2.432811 3.034103
 10.452000 2.559243 3.067214
 10.493333 2.686913 3.067830
 10.534667 2.809505 2.782768
 10.576000 2.912091 2.121158
 10.617333 2.985667 1.424062
 10.658667 3.039752 1.301181
 10.700000 3.103309 1.872877
 10.741333 3.201946 2.929816
 10.782667 3.349030 4.162933
 10.824000 3.545032 5.257782
 10.865333 3.778032 5.890481
 10.906667 4.023245 5.824868
 10.948000 4.251639 5.131111
 10.989333 4.447299 4.355377
 11.030667 4.618731 4.013254
 11.072000 4.787297 3.968803
 11.113333 4.954706 3.954647
 11.154667 5.111964 3.534894
 11.196000 5.242511 2.724984
 11.237333 5.340418 2.045149
 11.278667 5.421477 1.982047
 11.320000 5.514459 2.607252
 11.361333 5.646027 3.738910
 11.402667 5.830914 5.224381
 11.444000 6.078842 6.724612
 11.485333 6.383449 7.901862
 11.526667 6.717799 7.974526
 11.568000 7.010067 5.480296
 11.609333 7.142638 0.802472
 11.650667 7.101292 -2.291474
 11.692000 6.996898 -2.796964
 11.733333 6.900247 -1.862963
 11.774667 6.840587 -1.104809
 11.816000 6.801503 -0.874051
 11.857333 6.765131 -0.874959
 11.898667 6.735291 -0.457401
 11.940000 6.737669 0.691706
 11.981333 6.800787 2.439943
 12.022667 6.944115 4.532909
 12.064000 7.177516 6.770774
 12.105333 7.503669 8.991551
 12.146667 7.918731 10.941948
 12.188000 8.400459 12.169144
 12.229333 8.900687 11.651594
 12.270667 9.332040 8.940010
 12.312000 9.637553 6.037931
 12.353333 9.884371 3.664193
 12.394667 10.042339 3.863527
 12.436000 10.195495 3.443863
 12.477333 10.322445 2.667881
 12.518667 10.416865 1.919993
 12.560000 10.485444 1.410254
 12.601333 10.540358 1.290694
 12.642667 10.600094 1.676718
 12.684000 10.686213 2.527181
 12.725333 10.813527 3.628230
 12.766667 10.984170 4.549926
 12.808000 11.180591 4.803780
 12.849333 11.369483 4.159753
 12.890667 11.521815 3.196570
 12.932000 11.642460 2.746246
 12.973333 11.759234 2.979621
 13.014667 11.893610 3.530471
 13.056000 12.051832 3.912643
 13.097333 12.217687 4.011526
 13.138667 12.375274 3.488594
 13.180000 12.496792 2.269113
 13.221333 12.556850 0.603761
 13.262667 12.551874 -0.732517
 13.304000 12.511321 -1.073989
 13.345333 12.477830 -0.428222
 13.386667 12.484425 0.788726
 13.428000 12.546159 2.192830
 13.469333 12.663547 3.425551
 13.510667 12.822391 4.132909
 13.552000 12.994024 4.014071
 13.593333 13.143397 3.114902
 13.634667 13.249461 2.046993
 13.676000 13.319912 1.468539
 13.717333 13.379854 1.512067
 13.758667 13.452682 1.933985
 13.800000 13.546764 2.616247
 13.841333 13.668533 3.230389
 13.882667 13.811465 3.619455
 13.924000 13.962278 3.589102
 13.965333 14.101105 3.009106
 14.006667 14.206343 2.017379
 14.048000 14.267812 0.976456
 14.089333 14.291451 0.211956
 14.130667 14.292033 -0.151890
 14.172000 14.284247 -0.199378
 14.213333 14.277797 -0.120560
 14.254667 14.274577 -0.054754
 14.296000 14.272301 -0.073377
 14.337333 14.268149 -0.128409
 14.378667 14.262810 -0.113045
 14.420000 14.260974 0.041154
 14.461333 14.268039 0.309246
 14.502667 14.286377 0.568670
 14.544000 14.313578 0.718834
 14.585333 14.343766 0.711315
 14.626667 14.370671 0.563861
 14.668000 14.388359 0.254247
 14.709333 14.389113 -0.247312
 14.750667 14.367471 -0.776775
 14.792000 14.330128 -0.946238
 14.833333 14.297592 -0.535940
 14.874667 14.291427 0.262640
 14.916000 14.318707 0.997247
 14.957333 14.365963 1.155374
 14.998667 14.403451 0.551894
 15.040000 14.408304 -0.292698
 15.081333 14.387055 -0.619469
 15.122667 14.366648 -0.279024
 15.164000 14.368877 0.410227
 15.205333 14.400959 1.125108
 15.246667 14.459728 1.685414
 15.288000 14.537627 2.038995
 15.329333 14.625968 2.197574
 15.370667 14.716028 2.111267
 15.412000 14.796467 1.728803
 15.453333 14.856094 1.138145
 15.494667 14.891874 0.621207
 15.536000 14.912587 0.426943
 15.577333 14.932191 0.552444
 15.618667 14.960308 0.798692
 15.660000 14.997387 0.966786
 15.701333 15.037723 0.935243
 15.742667 15.072961 0.743558
 15.784000 15.098358 0.474071
 15.825333 15.111960 0.173636
 15.866667 15.112020 -0.187872
 15.908000 15.096424 -0.561243
 15.949333 15.068160 -0.768318
 15.990667 15.037215 -0.676803
 16.032000 15.015381 -0.364501
 16.073333 15.006443 -0.107341
 16.114667 15.001337 -0.223047
 16.156000 14.979857 -0.915783
 16.197333 14.919546 -2.038119
 16.238667 14.813411 -3.021265
 16.280000 14.679094 -3.351374
 16.321333 14.546084 -2.987581
 16.362667 14.438002 -2.196833
 16.404000 14.366547 -1.255573
 16.445333 14.333780 -0.344959
 16.486667 14.336182 0.429399
 16.528000 14.365829 0.954925
 16.569333 14.409639 1.082992
 16.610667 14.447969 0.681262
 16.652000 14.459760 -0.161259
 16.693333 14.433670 -1.073180
 16.734667 14.375562 -1.665243
 16.776000 14.302388 -1.810800
 16.817333 14.230957 -1.605646
 16.858667 14.171362 -1.279930
 16.900000 14.123692 -1.066567
 16.941333 14.080169 -1.076006
 16.982667 14.033378 -1.180563
 17.024000 13.985706 -1.065762
 17.065333 13.951307 -0.526632
 17.106667 13.947503 0.388124
 17.148000 13.985537 1.453773
 17.189333 14.065862 2.384385
 17.230667 14.176642 2.872745
 17.272000 14.293964 2.676296
 17.313333 14.387483 1.726260
 17.354667 14.429555 0.255759
 17.396000 14.408061 -1.270699
 17.437333 14.331971 -2.295999
 17.478667 14.229209 -2.585516
 17.520000 14.128141 -2.226840
 17.561333 14.049309 -1.566417
 17.602667 13.999125 -0.878648
 17.644000 13.974295 -0.366053
 17.685333 13.964358 -0.175981
 17.726667 13.954412 -0.366397
 17.768000 13.930273 -0.818346
 17.809333 13.887523 -1.213197
 17.850667 13.833816 -1.325392
 17.892000 13.780947 -1.217706
 17.933333 13.732294 -1.174475
 17.974667 13.680101 -1.401625
 18.016000 13.613305 -1.836613
 18.057333 13.530027 -2.147808
 18.098667 13.440931 -2.096135
 18.140000 13.361580 -1.700850
 18.181333 13.302163 -1.176024
 18.222667 13.262444 -0.785481
 18.264000 13.233259 -0.670750
 18.305333 13.204571 -0.724170
 18.346667 13.174759 -0.682681
 18.388000 13.150967 -0.444500
 18.429333 13.138181 -0.203345
 18.470667 13.129324 -0.310286
 18.512000 13.105130 -0.940092
 18.553333 13.048613 -1.781120
 18.594667 12.963578 -2.227151
 18.636000 12.874459 -1.969884
 18.677333 12.808768 -1.133280
 18.718667 12.784785 -0.006618
 18.760000 12.807605 1.070551
 18.801333 12.866578 1.652366
 18.842667 12.930122 1.218584
 18.884000 12.952032 -0.279560
 18.925333 12.907299 -1.765551
 18.966667 12.821378 -2.192429
 19.008000 12.739631 -1.648833
 19.049333 12.690607 -0.703099
 19.090667 12.680917 0.196356
 19.132000 12.702856 0.797751
 19.173333 12.741881 1.027471
 19.214667 12.783435 0.936948
 19.256000 12.816170 0.613772
 19.297333 12.831857 0.120653
 19.338667 12.824325 -0.492411
 19.380000 12.791110 -1.109684
 19.421333 12.735261 -1.557916
 19.462667 12.666274 -1.740940
 19.504000 12.594281 -1.725616
 19.545333 12.523638 -1.708028
 19.586667 12.451574 -1.798299
 19.628000 12.375053 -1.884185
 19.669333 12.298729 -1.754034
 19.710667 12.234280 -1.319973
 19.752000 12.192015 -0.717627
 19.793333 12.173294 -0.233772
 19.834667 12.165882 -0.237066
 19.876000 12.142930 -1.000040
 19.917333 12.076427 -2.233560
 19.958667 11.963677 -3.099858
 20.000000 11.804213 -2.994455
