#! FIELDS xydist projection
#! SET min_xydist 0.0
#! SET max_xydist 12.0
#! SET nbins_xydist  301
#! SET periodic_xydist false
    0.000000000   13.643994983
    0.040000000    9.875836866
    0.080000000    8.307813856
    0.120000000    8.393654514
    0.160000000    9.082795171
    0.200000000    9.558886832
    0.240000000    9.587198043
    0.280000000    9.356956492
    0.320000000    9.127908027
    0.360000000    9.011485898
    0.400000000    8.977773031
    0.440000000    8.917950735
    0.480000000    8.824901221
    0.520000000    8.742054619
    0.560000000    8.712213284
    0.600000000    8.728542771
    0.640000000    8.729184879
    0.680000000    8.660169481
    0.720000000    8.523209007
    0.760000000    8.368414722
    0.800000000    8.242985917
    0.840000000    8.163917765
    0.880000000    8.107575250
    0.920000000    8.044024216
    0.960000000    7.956484593
    1.000000000    7.864242443
    1.040000000    7.798066694
    1.080000000    7.762969942
    1.120000000    7.734220692
    1.160000000    7.669330147
    1.200000000    7.547630698
    1.240000000    7.386932925
    1.280000000    7.219756365
    1.320000000    7.076772567
    1.360000000    6.959626105
    1.400000000    6.859402840
    1.440000000    6.763426572
    1.480000000    6.661770945
    1.520000000    6.530777831
    1.560000000    6.352474405
    1.600000000    6.131036205
    1.640000000    5.906157103
    1.680000000    5.729436171
    1.720000000    5.628593640
    1.760000000    5.588244975
    1.800000000    5.551757007
    1.840000000    5.473455814
    1.880000000    5.343122816
    1.920000000    5.193096428
    1.960000000    5.066000011
    2.000000000    4.966301848
    2.040000000    4.863769285
    2.080000000    4.732249008
    2.120000000    4.578879627
    2.160000000    4.421905398
    2.200000000    4.268295653
    2.240000000    4.113271246
    2.280000000    3.956506215
    2.320000000    3.806137385
    2.360000000    3.673648091
    2.400000000    3.543720278
    2.440000000    3.406506222
    2.480000000    3.258602061
    2.520000000    3.103260801
    2.560000000    2.942973815
    2.600000000    2.767470398
    2.640000000    2.586092399
    2.680000000    2.431070851
    2.720000000    2.324553966
    2.760000000    2.267840950
    2.800000000    2.210729956
    2.840000000    2.102292408
    2.880000000    1.924996627
    2.920000000    1.711808883
    2.960000000    1.524681761
    3.000000000    1.391291521
    3.040000000    1.289131323
    3.080000000    1.173454954
    3.120000000    1.037969206
    3.160000000    0.903817972
    3.200000000    0.791995126
    3.240000000    0.690215841
    3.280000000    0.570317878
    3.320000000    0.424930625
    3.360000000    0.282053616
    3.400000000    0.166500083
    3.440000000    0.088299902
    3.480000000    0.036682440
    3.520000000    0.003647913
    3.560000000    0.000000000
    3.600000000    0.031481026
    3.640000000    0.098179368
    3.680000000    0.194521871
    3.720000000    0.326141246
    3.760000000    0.500961091
    3.800000000    0.728586740
    3.840000000    1.017300595
    3.880000000    1.342878183
    3.920000000    1.661380714
    3.960000000    1.950754859
    4.000000000    2.222679399
    4.040000000    2.465878572
    4.080000000    2.638419407
    4.120000000    2.730383786
    4.160000000    2.787554213
    4.200000000    2.852901101
    4.240000000    2.933925908
    4.280000000    3.023141857
    4.320000000    3.114167149
    4.360000000    3.218511513
    4.400000000    3.338457690
    4.440000000    3.468059169
    4.480000000    3.595888698
    4.520000000    3.721071984
    4.560000000    3.861573962
    4.600000000    4.047569773
    4.640000000    4.297666581
    4.680000000    4.601950408
    4.720000000    4.951072274
    4.760000000    5.339449604
    4.800000000    5.746457010
    4.840000000    6.145064914
    4.880000000    6.534883861
    4.920000000    6.950371500
    4.960000000    7.403688468
    5.000000000    7.860268203
    5.040000000    8.278265453
    5.080000000    8.660754769
    5.120000000    9.037447516
    5.160000000    9.431182927
    5.200000000    9.849415983
    5.240000000   10.296212139
    5.280000000   10.769400391
    5.320000000   11.244726618
    5.360000000   11.691630009
    5.400000000   12.084956141
    5.440000000   12.434504673
    5.480000000   12.762834701
    5.520000000   13.069710171
    5.560000000   13.341485233
    5.600000000   13.615587618
    5.640000000   13.943692976
    5.680000000   14.316502509
    5.720000000   14.677502681
    5.760000000   14.982944343
    5.800000000   15.232084541
    5.840000000   15.435639372
    5.880000000   15.609123262
    5.920000000   15.767760817
    5.960000000   15.928567759
    6.000000000   16.106907449
    6.040000000   16.286347015
    6.080000000   16.437611036
    6.120000000   16.534629079
    6.160000000   16.584410730
    6.200000000   16.616321035
    6.240000000   16.660611261
    6.280000000   16.715131813
    6.320000000   16.771907352
    6.360000000   16.840644293
    6.400000000   16.936844200
    6.440000000   17.054006936
    6.480000000   17.170270587
    6.520000000   17.274057935
    6.560000000   17.355704036
    6.600000000   17.418479339
    6.640000000   17.476838128
    6.680000000   17.540267738
    6.720000000   17.598662566
    6.760000000   17.635121227
    6.800000000   17.647047186
    6.840000000   17.659500588
    6.880000000   17.720465293
    6.920000000   17.841343811
    6.960000000   17.987088930
    7.000000000   18.105382775
    7.040000000   18.176849427
    7.080000000   18.224982990
    7.120000000   18.279151951
    7.160000000   18.333548898
    7.200000000   18.354979615
    7.240000000   18.331030449
    7.280000000   18.279442696
    7.320000000   18.239883614
    7.360000000   18.244969727
    7.400000000   18.293912362
    7.440000000   18.355424911
    7.480000000   18.386540739
    7.520000000   18.375151317
    7.560000000   18.342453138
    7.600000000   18.324821323
    7.640000000   18.342796159
    7.680000000   18.382766618
    7.720000000   18.415029788
    7.760000000   18.427854779
    7.800000000   18.433709906
    7.840000000   18.436235315
    7.880000000   18.425867317
    7.920000000   18.400369115
    7.960000000   18.388889231
    8.000000000   18.419890667
    8.040000000   18.487076958
    8.080000000   18.545296944
    8.120000000   18.542735222
    8.160000000   18.466964194
    8.200000000   18.365855271
    8.240000000   18.300438566
    8.280000000   18.294103781
    8.320000000   18.328985109
    8.360000000   18.378915498
    8.400000000   18.412046280
    8.440000000   18.407955131
    8.480000000   18.366014974
    8.520000000   18.302081476
    8.560000000   18.249846236
    8.600000000   18.251345573
    8.640000000   18.312156945
    8.680000000   18.395180412
    8.720000000   18.455752957
    8.760000000   18.472894595
    8.800000000   18.459006024
    8.840000000   18.434434580
    8.880000000   18.397534514
    8.920000000   18.341309720
    8.960000000   18.279776824
    9.000000000   18.239703075
    9.040000000   18.225452173
    9.080000000   18.225274381
    9.120000000   18.210148224
    9.160000000   18.166857833
    9.200000000   18.104619574
    9.240000000   18.052742685
    9.280000000   18.043515176
    9.320000000   18.093012725
    9.360000000   18.177801871
    9.400000000   18.257189355
    9.440000000   18.300599073
    9.480000000   18.309031083
    9.520000000   18.290875279
    9.560000000   18.250855455
    9.600000000   18.187892690
    9.640000000   18.109182094
    9.680000000   18.030628633
    9.720000000   17.971281959
    9.760000000   17.937847558
    9.800000000   17.932700758
    9.840000000   17.963924920
    9.880000000   18.024536274
    9.920000000   18.086221113
    9.960000000   18.131308104
   10.000000000   18.152334093
   10.040000000   18.143732707
   10.080000000   18.113645080
   10.120000000   18.078356979
   10.160000000   18.057530872
   10.200000000   18.068037698
   10.240000000   18.097118533
   10.280000000   18.109314100
   10.320000000   18.075137339
   10.360000000   17.987243276
   10.400000000   17.864500035
   10.440000000   17.743884581
   10.480000000   17.649784881
   10.520000000   17.588449678
   10.560000000   17.550331513
   10.600000000   17.518137053
   10.640000000   17.479267552
   10.680000000   17.440686803
   10.720000000   17.414700578
   10.760000000   17.404667779
   10.800000000   17.403738970
   10.840000000   17.392287943
   10.880000000   17.345957714
   10.920000000   17.260701250
   10.960000000   17.166564775
   11.000000000   17.117549161
   11.040000000   17.134367493
   11.080000000   17.177062789
   11.120000000   17.186160435
   11.160000000   17.145444834
   11.200000000   17.075857952
   11.240000000   17.007457460
   11.280000000   16.963897503
   11.320000000   16.954635822
   11.360000000   16.965786343
   11.400000000   16.966140973
   11.440000000   16.928669275
   11.480000000   16.854253375
   11.520000000   16.769812351
   11.560000000   16.712001245
   11.600000000   16.708082657
   11.640000000   16.754959313
   11.680000000   16.818730153
   11.720000000   16.856156061
   11.760000000   16.841217054
   11.800000000   16.786485742
   11.840000000   16.725664581
   11.880000000   16.677992517
   11.920000000   16.640089399
   11.960000000   16.603915111
   12.000000000   16.578430890
