#! FIELDS xydist projection
#! SET min_xydist 0.0
#! SET max_xydist 12.0
#! SET nbins_xydist  301
#! SET periodic_xydist false
    0.000000000   14.169586413
    0.040000000   10.357847897
    0.080000000    8.658836344
    0.120000000    8.608469194
    0.160000000    9.219371731
    0.200000000    9.687999921
    0.240000000    9.746879390
    0.280000000    9.531988540
    0.320000000    9.272262409
    0.360000000    9.095362275
    0.400000000    9.021872118
    0.440000000    8.972310357
    0.480000000    8.906667859
    0.520000000    8.789725855
    0.560000000    8.620074464
    0.600000000    8.430565558
    0.640000000    8.266825935
    0.680000000    8.166060805
    0.720000000    8.119869047
    0.760000000    8.090977289
    0.800000000    8.040685415
    0.840000000    7.953677091
    0.880000000    7.848767084
    0.920000000    7.762173428
    0.960000000    7.705528434
    1.000000000    7.659922510
    1.040000000    7.596468421
    1.080000000    7.495037422
    1.120000000    7.363172819
    1.160000000    7.192762419
    1.200000000    6.989513457
    1.240000000    6.781505495
    1.280000000    6.616354640
    1.320000000    6.512706009
    1.360000000    6.445634986
    1.400000000    6.365960328
    1.440000000    6.254047566
    1.480000000    6.124296552
    1.520000000    6.005977283
    1.560000000    5.904491770
    1.600000000    5.797331473
    1.640000000    5.670496412
    1.680000000    5.534339133
    1.720000000    5.410573155
    1.760000000    5.290382005
    1.800000000    5.154654607
    1.840000000    5.000481593
    1.880000000    4.849272493
    1.920000000    4.726741802
    1.960000000    4.622839670
    2.000000000    4.505665315
    2.040000000    4.354629252
    2.080000000    4.188233667
    2.120000000    4.044631432
    2.160000000    3.927977191
    2.200000000    3.800402612
    2.240000000    3.612419623
    2.280000000    3.367689683
    2.320000000    3.129817972
    2.360000000    2.966164359
    2.400000000    2.890324420
    2.440000000    2.856363199
    2.480000000    2.799712440
    2.520000000    2.689492355
    2.560000000    2.524683320
    2.600000000    2.330376140
    2.640000000    2.147794537
    2.680000000    2.010486862
    2.720000000    1.920138758
    2.760000000    1.833129443
    2.800000000    1.701239401
    2.840000000    1.531944402
    2.880000000    1.378068971
    2.920000000    1.287861739
    2.960000000    1.241843834
    3.000000000    1.176576307
    3.040000000    1.043572502
    3.080000000    0.865793193
    3.120000000    0.701655783
    3.160000000    0.599447496
    3.200000000    0.546728545
    3.240000000    0.481610505
    3.280000000    0.366147499
    3.320000000    0.221696009
    3.360000000    0.099683466
    3.400000000    0.035911931
    3.440000000    0.018781713
    3.480000000    0.014460949
    3.520000000    0.003214308
    3.560000000    0.000000000
    3.600000000    0.037491607
    3.640000000    0.134405145
    3.680000000    0.265601799
    3.720000000    0.393165930
    3.760000000    0.509906334
    3.800000000    0.656793474
    3.840000000    0.865920577
    3.880000000    1.118728823
    3.920000000    1.359747881
    3.960000000    1.569202226
    4.000000000    1.753708274
    4.040000000    1.909114338
    4.080000000    2.026358132
    4.120000000    2.109756012
    4.160000000    2.171302610
    4.200000000    2.232819927
    4.240000000    2.324091288
    4.280000000    2.458822409
    4.320000000    2.621198661
    4.360000000    2.774265669
    4.400000000    2.909595970
    4.440000000    3.055328620
    4.480000000    3.237432330
    4.520000000    3.449501518
    4.560000000    3.658698454
    4.600000000    3.858051366
    4.640000000    4.075709448
    4.680000000    4.339822088
    4.720000000    4.659254879
    4.760000000    5.020082621
    4.800000000    5.402020555
    4.840000000    5.783399068
    4.880000000    6.156836090
    4.920000000    6.547570038
    4.960000000    6.986291822
    5.000000000    7.469904133
    5.040000000    7.953224350
    5.080000000    8.402837753
    5.120000000    8.834241396
    5.160000000    9.290256035
    5.200000000    9.789946659
    5.240000000   10.308943738
    5.280000000   10.807347957
    5.320000000   11.243323841
    5.360000000   11.600579956
    5.400000000   11.898588849
    5.440000000   12.174757385
    5.480000000   12.453978919
    5.520000000   12.739696704
    5.560000000   13.035132079
    5.600000000   13.332666637
    5.640000000   13.605904214
    5.680000000   13.840504755
    5.720000000   14.046804361
    5.760000000   14.245040021
    5.800000000   14.439928983
    5.840000000   14.625293066
    5.880000000   14.811307000
    5.920000000   14.997723697
    5.960000000   15.155627583
    6.000000000   15.253001018
    6.040000000   15.293085498
    6.080000000   15.317490209
    6.120000000   15.359502681
    6.160000000   15.430006459
    6.200000000   15.524526123
    6.240000000   15.630750027
    6.280000000   15.731298482
    6.320000000   15.833128970
    6.360000000   15.948971631
    6.400000000   16.085582157
    6.440000000   16.226253554
    6.480000000   16.346117736
    6.520000000   16.431817919
    6.560000000   16.502789798
    6.600000000   16.582315432
    6.640000000   16.663367695
    6.680000000   16.718357528
    6.720000000   16.743460430
    6.760000000   16.752782840
    6.800000000   16.764734520
    6.840000000   16.796596583
    6.880000000   16.862877720
    6.920000000   16.966198332
    6.960000000   17.084008636
    7.000000000   17.185390810
    7.040000000   17.245411451
    7.080000000   17.263947861
    7.120000000   17.275345522
    7.160000000   17.322190435
    7.200000000   17.408781565
    7.240000000   17.507086581
    7.280000000   17.573243860
    7.320000000   17.584331942
    7.360000000   17.563786258
    7.400000000   17.567660258
    7.440000000   17.630618954
    7.480000000   17.727975981
    7.520000000   17.804054093
    7.560000000   17.823710027
    7.600000000   17.800340974
    7.640000000   17.786015342
    7.680000000   17.820330475
    7.720000000   17.883190475
    7.760000000   17.918258178
    7.800000000   17.903670368
    7.840000000   17.861084207
    7.880000000   17.832043411
    7.920000000   17.843048195
    7.960000000   17.884456862
    8.000000000   17.930930321
    8.040000000   17.963659298
    8.080000000   17.977239636
    8.120000000   17.965863556
    8.160000000   17.924591677
    8.200000000   17.876379988
    8.240000000   17.849885874
    8.280000000   17.856432416
    8.320000000   17.881700132
    8.360000000   17.896699281
    8.400000000   17.876386252
    8.440000000   17.825587640
    8.480000000   17.778706146
    8.520000000   17.757882330
    8.560000000   17.756180290
    8.600000000   17.756499002
    8.640000000   17.747906746
    8.680000000   17.726881152
    8.720000000   17.695135746
    8.760000000   17.652054789
    8.800000000   17.595732714
    8.840000000   17.529884774
    8.880000000   17.463842424
    8.920000000   17.411791977
    8.960000000   17.388287319
    9.000000000   17.392424151
    9.040000000   17.396836259
    9.080000000   17.361417964
    9.120000000   17.286058078
    9.160000000   17.206770214
    9.200000000   17.160866490
    9.240000000   17.149861454
    9.280000000   17.146966853
    9.320000000   17.137196824
    9.360000000   17.137059693
    9.400000000   17.162587201
    9.440000000   17.199192741
    9.480000000   17.213433688
    9.520000000   17.184961962
    9.560000000   17.120358704
    9.600000000   17.041958917
    9.640000000   16.971058400
    9.680000000   16.914774972
    9.720000000   16.874254697
    9.760000000   16.841129548
    9.800000000   16.813912223
    9.840000000   16.795240111
    9.880000000   16.789536114
    9.920000000   16.792334856
    9.960000000   16.793971618
   10.000000000   16.789410927
   10.040000000   16.767660890
   10.080000000   16.723001234
   10.120000000   16.655558074
   10.160000000   16.572588952
   10.200000000   16.490981608
   10.240000000   16.429132054
   10.280000000   16.401335771
   10.320000000   16.399958408
   10.360000000   16.397309828
   10.400000000   16.355473510
   10.440000000   16.268107906
   10.480000000   16.173697430
   10.520000000   16.118874861
   10.560000000   16.128207628
   10.600000000   16.178644399
   10.640000000   16.219164415
   10.680000000   16.211319660
   10.720000000   16.165270304
   10.760000000   16.124121971
   10.800000000   16.125098890
   10.840000000   16.171737034
   10.880000000   16.219164640
   10.920000000   16.212842784
   10.960000000   16.138976617
   11.000000000   16.033706044
   11.040000000   15.944990240
   11.080000000   15.897483597
   11.120000000   15.895732037
   11.160000000   15.912127632
   11.200000000   15.920566062
   11.240000000   15.917922375
   11.280000000   15.919424183
   11.320000000   15.938203235
   11.360000000   15.967060581
   11.400000000   15.983199897
   11.440000000   15.979468887
   11.480000000   15.972118630
   11.520000000   15.978848380
   11.560000000   15.991177300
   11.600000000   15.987330484
   11.640000000   15.958176730
   11.680000000   15.929031494
   11.720000000   15.922845188
   11.760000000   15.943287748
   11.800000000   15.959788037
   11.840000000   15.939717330
   11.880000000   15.888627909
   11.920000000   15.841730445
   11.960000000   15.821003264
   12.000000000   15.828154977
