#! FIELDS xydist projection
#! SET min_xydist 0.0
#! SET max_xydist 12.0
#! SET nbins_xydist  301
#! SET periodic_xydist false
    0.000000000   12.527951123
    0.040000000    9.080436688
    0.080000000    7.893920898
    0.120000000    8.306301432
    0.160000000    9.195797739
    0.200000000    9.756638633
    0.240000000    9.812339713
    0.280000000    9.596318631
    0.320000000    9.375441963
    0.360000000    9.257694544
    0.400000000    9.232566579
    0.440000000    9.210135091
    0.480000000    9.174789181
    0.520000000    9.122119720
    0.560000000    9.061510625
    0.600000000    9.008115400
    0.640000000    8.969973361
    0.680000000    8.936037579
    0.720000000    8.896643991
    0.760000000    8.831554336
    0.800000000    8.726317856
    0.840000000    8.583077809
    0.880000000    8.432125674
    0.920000000    8.297817113
    0.960000000    8.175092731
    1.000000000    8.038754204
    1.040000000    7.877474978
    1.080000000    7.714880884
    1.120000000    7.601473362
    1.160000000    7.558524991
    1.200000000    7.543044271
    1.240000000    7.479854741
    1.280000000    7.318141203
    1.320000000    7.084563018
    1.360000000    6.859881001
    1.400000000    6.721407559
    1.440000000    6.680602204
    1.480000000    6.677824361
    1.520000000    6.639064193
    1.560000000    6.520501818
    1.600000000    6.338829353
    1.640000000    6.148666679
    1.680000000    5.991155320
    1.720000000    5.869151416
    1.760000000    5.754289028
    1.800000000    5.625634083
    1.840000000    5.483150332
    1.880000000    5.335733129
    1.920000000    5.185796409
    1.960000000    5.026889657
    2.000000000    4.852761832
    2.040000000    4.671358056
    2.080000000    4.493970165
    2.120000000    4.337983979
    2.160000000    4.210586772
    2.200000000    4.096788452
    2.240000000    3.966396447
    2.280000000    3.811258323
    2.320000000    3.648467392
    2.360000000    3.512029871
    2.400000000    3.405153566
    2.440000000    3.301435120
    2.480000000    3.182142690
    2.520000000    3.055061159
    2.560000000    2.939490579
    2.600000000    2.827482708
    2.640000000    2.692008758
    2.680000000    2.514047921
    2.720000000    2.306010007
    2.760000000    2.114708205
    2.800000000    1.982483405
    2.840000000    1.907696674
    2.880000000    1.853824171
    2.920000000    1.776725757
    2.960000000    1.660760646
    3.000000000    1.524991412
    3.040000000    1.391253252
    3.080000000    1.262973251
    3.120000000    1.130992584
    3.160000000    0.978909307
    3.200000000    0.804327757
    3.240000000    0.622341441
    3.280000000    0.459243751
    3.320000000    0.335972913
    3.360000000    0.246126363
    3.400000000    0.164121855
    3.440000000    0.078417154
    3.480000000    0.012295982
    3.520000000    0.000000000
    3.560000000    0.049336938
    3.600000000    0.129267284
    3.640000000    0.215146927
    3.680000000    0.312882106
    3.720000000    0.454714612
    3.760000000    0.652076097
    3.800000000    0.899219748
    3.840000000    1.176575465
    3.880000000    1.471860544
    3.920000000    1.770094918
    3.960000000    2.049353259
    4.000000000    2.277491689
    4.040000000    2.444169208
    4.080000000    2.569570258
    4.120000000    2.681308432
    4.160000000    2.779108223
    4.200000000    2.855011899
    4.240000000    2.914755462
    4.280000000    2.983317448
    4.320000000    3.082808601
    4.360000000    3.215468695
    4.400000000    3.380563054
    4.440000000    3.575728555
    4.480000000    3.786377438
    4.520000000    4.004915164
    4.560000000    4.240817411
    4.600000000    4.505766795
    4.640000000    4.789106776
    4.680000000    5.070734830
    4.720000000    5.348231571
    4.760000000    5.637415280
    4.800000000    5.969661224
    4.840000000    6.352178135
    4.880000000    6.761192790
    4.920000000    7.172105283
    4.960000000    7.577733956
    5.000000000    7.985829887
    5.040000000    8.420118666
    5.080000000    8.898037963
    5.120000000    9.410380352
    5.160000000    9.898476179
    5.200000000   10.301818634
    5.240000000   10.627926831
    5.280000000   10.952286515
    5.320000000   11.324463244
    5.360000000   11.717575746
    5.400000000   12.079394203
    5.440000000   12.392630232
    5.480000000   12.677341144
    5.520000000   12.929224397
    5.560000000   13.124171805
    5.600000000   13.276816132
    5.640000000   13.439164186
    5.680000000   13.635616443
    5.720000000   13.845453710
    5.760000000   14.043804422
    5.800000000   14.220676192
    5.840000000   14.375388211
    5.880000000   14.499803641
    5.920000000   14.595701738
    5.960000000   14.674199095
    6.000000000   14.741539048
    6.040000000   14.799234464
    6.080000000   14.849965683
    6.120000000   14.901481296
    6.160000000   14.968020905
    6.200000000   15.058262607
    6.240000000   15.159272348
    6.280000000   15.244322012
    6.320000000   15.308345196
    6.360000000   15.364534790
    6.400000000   15.425087899
    6.440000000   15.486427212
    6.480000000   15.531961329
    6.520000000   15.544648021
    6.560000000   15.527744019
    6.600000000   15.503235763
    6.640000000   15.510212520
    6.680000000   15.565839198
    6.720000000   15.664148376
    6.760000000   15.770203807
    6.800000000   15.846469292
    6.840000000   15.873038165
    6.880000000   15.874269318
    6.920000000   15.890121366
    6.960000000   15.940346604
    7.000000000   16.009578321
    7.040000000   16.065040784
    7.080000000   16.098974964
    7.120000000   16.148297907
    7.160000000   16.237814979
    7.200000000   16.334803835
    7.240000000   16.390280033
    7.280000000   16.382754308
    7.320000000   16.344195071
    7.360000000   16.328170065
    7.400000000   16.372138301
    7.440000000   16.461338777
    7.480000000   16.540754548
    7.520000000   16.549868575
    7.560000000   16.477136257
    7.600000000   16.371036142
    7.640000000   16.301668754
    7.680000000   16.302620650
    7.720000000   16.343780859
    7.760000000   16.370567873
    7.800000000   16.342478430
    7.840000000   16.265339037
    7.880000000   16.180993208
    7.920000000   16.128580034
    7.960000000   16.112162311
    8.000000000   16.112154753
    8.040000000   16.112290797
    8.080000000   16.097964587
    8.120000000   16.072875859
    8.160000000   16.051608582
    8.200000000   16.052079994
    8.240000000   16.081823542
    8.280000000   16.134106793
    8.320000000   16.178583429
    8.360000000   16.186116139
    8.400000000   16.152841463
    8.440000000   16.114266130
    8.480000000   16.106488433
    8.520000000   16.137921533
    8.560000000   16.178986499
    8.600000000   16.202053749
    8.640000000   16.199769743
    8.680000000   16.174513152
    8.720000000   16.137788128
    8.760000000   16.102939661
    8.800000000   16.079274946
    8.840000000   16.065688557
    8.880000000   16.046489817
    8.920000000   16.020168061
    8.960000000   16.008854134
    9.000000000   16.026532137
    9.040000000   16.059218843
    9.080000000   16.070580443
    9.120000000   16.029942633
    9.160000000   15.957010445
    9.200000000   15.895728574
    9.240000000   15.883857974
    9.280000000   15.918627214
    9.320000000   15.972729460
    9.360000000   16.008750833
    9.400000000   16.008642261
    9.440000000   15.972501458
    9.480000000   15.926017001
    9.520000000   15.891365479
    9.560000000   15.879217782
    9.600000000   15.884740043
    9.640000000   15.901251951
    9.680000000   15.915293789
    9.720000000   15.900842061
    9.760000000   15.843606198
    9.800000000   15.764283513
    9.840000000   15.711755428
    9.880000000   15.725823970
    9.920000000   15.797950861
    9.960000000   15.871177926
   10.000000000   15.885857091
   10.040000000   15.832186588
   10.080000000   15.747605886
   10.120000000   15.678616169
   10.160000000   15.644188742
   10.200000000   15.635179792
   10.240000000   15.633373581
   10.280000000   15.632951502
   10.320000000   15.635258427
   10.360000000   15.639027437
   10.400000000   15.633335999
   10.440000000   15.612300092
   10.480000000   15.565710323
   10.520000000   15.486272146
   10.560000000   15.373527691
   10.600000000   15.244405446
   10.640000000   15.131764993
   10.680000000   15.086181533
   10.720000000   15.130833003
   10.760000000   15.236085732
   10.800000000   15.333237259
   10.840000000   15.364456591
   10.880000000   15.325243841
   10.920000000   15.255776760
   10.960000000   15.191035820
   11.000000000   15.128077302
   11.040000000   15.045358037
   11.080000000   14.940078633
   11.120000000   14.831434054
   11.160000000   14.739802017
   11.200000000   14.685498295
   11.240000000   14.675917579
   11.280000000   14.702131896
   11.320000000   14.742576022
   11.360000000   14.774325068
   11.400000000   14.783995998
   11.440000000   14.773179608
   11.480000000   14.757824137
   11.520000000   14.755419644
   11.560000000   14.768052049
   11.600000000   14.789937731
   11.640000000   14.811074790
   11.680000000   14.818293616
   11.720000000   14.807289678
   11.760000000   14.772189174
   11.800000000   14.709676184
   11.840000000   14.631027006
   11.880000000   14.561062475
   11.920000000   14.541282796
   11.960000000   14.590959273
   12.000000000   14.677800777
