#! FIELDS distance ffz2 dffz2_distance
#! SET normalisation  1.000000
#! SET min_distance 7.6
#! SET max_distance 20.0
#! SET nbins_distance  300
#! SET periodic_distance false
 7.600000 13.000839 -20.438387
 7.641333 11.983615 -19.938389
 7.682667 11.034888 -19.336780
 7.724000 10.205034 -18.220686
 7.765333 9.448859 -16.943975
 7.806667 8.752832 -15.690130
 7.848000 8.087179 -14.884350
 7.889333 7.468013 -14.175071
 7.930667 6.876995 -13.669390
 7.972000 6.309699 -13.231508
 8.013333 5.764521 -12.740178
 8.054667 5.240721 -12.196557
 8.096000 4.741741 -11.617069
 8.137333 4.272116 -10.981197
 8.178667 3.827009 -10.407272
 8.220000 3.407283 -9.824117
 8.261333 3.012410 -9.206888
 8.302667 2.644449 -8.533000
 8.344000 2.305432 -7.829097
 8.385333 1.995267 -7.157759
 8.426667 1.710759 -6.589166
 8.468000 1.447778 -6.134145
 8.509333 1.201647 -5.777345
 8.550667 0.968851 -5.484037
 8.592000 0.747692 -5.208737
 8.633333 0.538400 -4.899737
 8.674667 0.343721 -4.496941
 8.716000 0.168237 -3.970720
 8.757333 0.016802 -3.343927
 8.798667 -0.107864 -2.689883
 8.840000 -0.206355 -2.088931
 8.881333 -0.281849 -1.578426
 8.922667 -0.337695 -1.128040
 8.964000 -0.374937 -0.666857
 9.005333 -0.391938 -0.145154
 9.046667 -0.386182 0.427935
 9.088000 -0.356518 1.001846
 9.129333 -0.303949 1.530729
 9.170667 -0.230631 2.006382
 9.212000 -0.138319 2.451931
 9.253333 -0.027848 2.882124
 9.294667 0.099713 3.270833
 9.336000 0.241519 3.557092
 9.377333 0.392373 3.702130
 9.418667 0.546719 3.725044
 9.460000 0.700675 3.691044
 9.501333 0.852608 3.620993
 9.542667 1.000276 3.468499
 9.584000 1.139014 3.182238
 9.625333 1.263732 2.802018
 9.666667 1.372865 2.464116
 9.708000 1.470664 2.256732
 9.749333 1.562315 2.166009
 9.790667 1.650252 2.051330
 9.832000 1.731239 1.813279
 9.873333 1.800607 1.530303
 9.914667 1.860492 1.394066
 9.956000 1.920428 1.540204
 9.997333 1.991281 1.897561
 10.038667 2.077951 2.263944
 10.080000 2.177145 2.495902
 10.121333 2.282919 2.593513
 10.162667 2.392120 2.675857
 10.204000 2.505404 2.795148
 10.245333 2.622376 2.824242
 10.286667 2.736182 2.622650
 10.328000 2.837799 2.269328
 10.369333 2.926997 2.068039
 10.410667 3.015456 2.266066
 10.452000 3.119505 2.788963
 10.493333 3.247733 3.391192
 10.534667 3.398279 3.786407
 10.576000 3.558331 3.884183
 10.617333 3.716339 3.716364
 10.658667 3.865732 3.493774
 10.700000 4.008001 3.394022
 10.741333 4.149262 3.449753
 10.782667 4.296056 3.606582
 10.824000 4.451805 3.884414
 10.865333 4.620725 4.288994
 10.906667 4.808639 4.774003
 10.948000 5.017997 5.324057
 10.989333 5.249349 5.799315
 11.030667 5.495445 5.993271
 11.072000 5.740201 5.653133
 11.113333 5.958926 4.804015
 11.154667 6.139424 3.796033
 11.196000 6.285634 3.345753
 11.237333 6.427394 3.506926
 11.278667 6.586646 4.119452
 11.320000 6.773749 4.878790
 11.361333 6.989192 5.462702
 11.402667 7.222783 5.753305
 11.444000 7.462394 5.756560
 11.485333 7.697647 5.549274
 11.526667 7.921159 5.194848
 11.568000 8.128626 4.762537
 11.609333 8.320529 4.376108
 11.650667 8.499599 4.276333
 11.692000 8.678660 4.369207
 11.733333 8.864485 4.543360
 11.774667 9.056248 4.628059
 11.816000 9.245664 4.393892
 11.857333 9.417297 3.833699
 11.898667 9.563129 3.210528
 11.940000 9.690092 2.941252
 11.981333 9.815808 3.171280
 12.022667 9.956770 3.618207
 12.064000 10.115419 3.949904
 12.105333 10.282141 4.046245
 12.146667 10.449181 4.001213
 12.188000 10.616195 4.088870
 12.229333 10.791243 4.374200
 12.270667 10.978377 4.617855
 12.312000 11.166658 4.343998
 12.353333 11.326447 3.145226
 12.394667 11.421739 1.421234
 12.436000 11.450317 0.069065
 12.477333 11.441500 -0.357265
 12.518667 11.432322 -0.004556
 12.560000 11.449392 0.867902
 12.601333 11.509491 2.062609
 12.642667 11.620990 3.297918
 12.684000 11.776625 4.099379
 12.725333 11.944428 3.778595
 12.766667 12.071733 2.255036
 12.808000 12.134041 0.937523
 12.849333 12.170510 1.029417
 12.890667 12.237195 2.327579
 12.932000 12.369883 4.130311
 12.973333 12.581294 5.930080
 13.014667 12.860960 7.509605
 13.056000 13.191857 8.334719
 13.097333 13.533747 7.982184
 13.138667 13.835868 6.479316
 13.180000 14.064846 4.604142
 13.221333 14.222025 3.062662
 13.262667 14.330414 1.816908
 13.304000 14.395980 1.375263
 13.345333 14.450595 1.313649
 13.386667 14.509595 1.559387
 13.428000 14.581693 1.898733
 13.469333 14.666403 2.167238
 13.510667 14.759122 2.287199
 13.552000 14.854494 2.299949
 13.593333 14.949214 2.265078
 13.634667 15.041625 2.190401
 13.676000 15.129824 2.056190
 13.717333 15.211590 1.856750
 13.758667 15.284778 1.666262
 13.800000 15.351318 1.551151
 13.841333 15.415764 1.587262
 13.882667 15.485033 1.767437
 13.924000 15.563691 2.020622
 13.965333 15.651546 2.196977
 14.006667 15.742879 2.152994
 14.048000 15.828219 1.951138
 14.089333 15.904424 1.728929
 14.130667 15.973246 1.603104
 14.172000 16.037838 1.485204
 14.213333 16.095644 1.278724
 14.254667 16.142363 0.964799
 14.296000 16.175997 0.645086
 14.337333 16.198624 0.469518
 14.378667 16.217514 0.471415
 14.420000 16.240139 0.645765
 14.461333 16.272649 0.929876
 14.502667 16.317980 1.248159
 14.544000 16.375888 1.537863
 14.585333 16.443543 1.700210
 14.626667 16.512242 1.535855
 14.668000 16.562767 0.794811
 14.709333 16.570922 -0.457658
 14.750667 16.527387 -1.569809
 14.792000 16.451050 -1.995504
 14.833333 16.371748 -1.758449
 14.874667 16.311245 -1.131415
 14.916000 16.280551 -0.342823
 14.957333 16.282541 0.408909
 14.998667 16.310458 0.858473
 15.040000 16.344726 0.674269
 15.081333 16.356970 -0.155836
 15.122667 16.331464 -1.013546
 15.164000 16.282113 -1.251794
 15.205333 16.236979 -0.856847
 15.246667 16.215327 -0.176449
 15.288000 16.222351 0.490736
 15.329333 16.254246 1.026109
 15.370667 16.305677 1.435158
 15.412000 16.372880 1.814241
 15.453333 16.456072 2.214270
 15.494667 16.555308 2.561579
 15.536000 16.663130 2.558535
 15.577333 16.756533 1.801985
 15.618667 16.803727 0.407639
 15.660000 16.795094 -0.701839
 15.701333 16.758772 -0.910350
 15.742667 16.729655 -0.444614
 15.784000 16.724524 0.177045
 15.825333 16.740649 0.528336
 15.866667 16.761220 0.358656
 15.908000 16.762407 -0.391435
 15.949333 16.725133 -1.408330
 15.990667 16.651333 -2.050621
 16.032000 16.566659 -1.909930
 16.073333 16.502789 -1.097433
 16.114667 16.480266 0.021695
 16.156000 16.504068 1.086979
 16.197333 16.565441 1.802463
 16.238667 16.645370 1.961046
 16.280000 16.719988 1.570786
 16.321333 16.772109 0.951826
 16.362667 16.801993 0.560527
 16.404000 16.824837 0.613928
 16.445333 16.856880 0.940785
 16.486667 16.902900 1.217849
 16.528000 16.954614 1.220766
 16.569333 16.999716 0.925655
 16.610667 17.030401 0.559777
 16.652000 17.049299 0.400688
 16.693333 17.068290 0.573118
 16.734667 17.101093 1.050622
 16.776000 17.156912 1.644596
 16.817333 17.234707 2.041157
 16.858667 17.319767 1.980159
 16.900000 17.391490 1.427885
 16.941333 17.435805 0.720669
 16.982667 17.453383 0.142559
 17.024000 17.448748 -0.383023
 17.065333 17.419943 -1.033535
 17.106667 17.364298 -1.617002
 17.148000 17.293759 -1.699555
 17.189333 17.233786 -1.103159
 17.230667 17.208422 -0.086805
 17.272000 17.226475 0.914000
 17.313333 17.276726 1.381320
 17.354667 17.327501 0.902177
 17.396000 17.340182 -0.360887
 17.437333 17.299115 -1.535807
 17.478667 17.224168 -1.950756
 17.520000 17.148341 -1.618093
 17.561333 17.096605 -0.833811
 17.602667 17.082202 0.134861
 17.644000 17.108055 1.087697
 17.685333 17.168922 1.795649
 17.726667 17.249910 2.025087
 17.768000 17.327793 1.642507
 17.809333 17.379192 0.791683
 17.850667 17.392252 -0.141125
 17.892000 17.371176 -0.826240
 17.933333 17.329790 -1.117008
 17.974667 17.285509 -0.964774
 18.016000 17.255222 -0.467291
 18.057333 17.248665 0.128503
 18.098667 17.263128 0.507898
 18.140000 17.285025 0.482467
 18.181333 17.299378 0.192946
 18.222667 17.301974 -0.036702
 18.264000 17.299336 -0.063789
 18.305333 17.298898 0.056200
 18.346667 17.305431 0.274273
 18.388000 17.323432 0.616902
 18.429333 17.357866 1.039449
 18.470667 17.408995 1.398994
 18.512000 17.470675 1.544437
 18.553333 17.534017 1.498831
 18.594667 17.594408 1.431097
 18.636000 17.653528 1.418609
 18.677333 17.711992 1.389372
 18.718667 17.766148 1.195885
 18.760000 17.809007 0.853523
 18.801333 17.837742 0.537377
 18.842667 17.856995 0.427394
 18.884000 17.876066 0.516165
 18.925333 17.900069 0.621729
 18.966667 17.923738 0.448186
 19.008000 17.930990 -0.177564
 19.049333 17.905082 -1.093574
 19.090667 17.843037 -1.847163
 19.132000 17.759334 -2.114005
 19.173333 17.675359 -1.881563
 19.214667 17.608936 -1.285803
 19.256000 17.571871 -0.484681
 19.297333 17.569985 0.390175
 19.338667 17.603398 1.203320
 19.380000 17.664623 1.696160
 19.421333 17.732948 1.448345
 19.462667 17.765596 -0.096683
 19.504000 17.707724 -2.819301
 19.545333 17.534754 -5.380163
 19.586667 17.282278 -6.587861
 19.628000 17.008094 -6.515188
 19.669333 16.754102 -5.687260
 19.710667 16.542645 -4.509466
 19.752000 16.382958 -3.210491
 19.793333 16.277338 -1.905608
 19.834667 16.224633 -0.657779
 19.876000 16.221586 0.490583
 19.917333 16.263257 1.498815
 19.958667 16.343008 2.328826
 20.000000 16.442231 2.905340
