#! FIELDS xydist projection
#! SET min_xydist 0.0
#! SET max_xydist 12.0
#! SET nbins_xydist  301
#! SET periodic_xydist false
    0.000000000   13.271386833
    0.040000000    9.979601025
    0.080000000    8.726464177
    0.120000000    8.951425791
    0.160000000    9.647681638
    0.200000000   10.050704640
    0.240000000    9.971154945
    0.280000000    9.638891845
    0.320000000    9.351353180
    0.360000000    9.239393927
    0.400000000    9.267721731
    0.440000000    9.307261451
    0.480000000    9.301694648
    0.520000000    9.240724066
    0.560000000    9.159796168
    0.600000000    9.095985402
    0.640000000    9.051878524
    0.680000000    8.986690682
    0.720000000    8.871736766
    0.760000000    8.729590534
    0.800000000    8.606991983
    0.840000000    8.520107661
    0.880000000    8.452050775
    0.920000000    8.375799275
    0.960000000    8.306971725
    1.000000000    8.267019746
    1.040000000    8.247091067
    1.080000000    8.204148602
    1.120000000    8.098805426
    1.160000000    7.932311550
    1.200000000    7.739707183
    1.240000000    7.573262475
    1.280000000    7.444255283
    1.320000000    7.321055222
    1.360000000    7.177280196
    1.400000000    7.026111737
    1.440000000    6.891167966
    1.480000000    6.778887723
    1.520000000    6.676604425
    1.560000000    6.579093989
    1.600000000    6.488193449
    1.640000000    6.414342023
    1.680000000    6.355225764
    1.720000000    6.292191985
    1.760000000    6.204415776
    1.800000000    6.090708149
    1.840000000    5.957531923
    1.880000000    5.815515686
    1.920000000    5.658331688
    1.960000000    5.477231887
    2.000000000    5.274451006
    2.040000000    5.070319766
    2.080000000    4.883063565
    2.120000000    4.721489023
    2.160000000    4.583142970
    2.200000000    4.461320329
    2.240000000    4.346601004
    2.280000000    4.220871961
    2.320000000    4.067659798
    2.360000000    3.878270324
    2.400000000    3.669714522
    2.440000000    3.471572973
    2.480000000    3.295181312
    2.520000000    3.128741927
    2.560000000    2.958460769
    2.600000000    2.782472650
    2.640000000    2.615117134
    2.680000000    2.479605966
    2.720000000    2.382140521
    2.760000000    2.313150550
    2.800000000    2.236898710
    2.840000000    2.117196169
    2.880000000    1.951575660
    2.920000000    1.771093716
    2.960000000    1.614726895
    3.000000000    1.506829113
    3.040000000    1.433774456
    3.080000000    1.341515793
    3.120000000    1.188897378
    3.160000000    0.987597866
    3.200000000    0.792653076
    3.240000000    0.649061981
    3.280000000    0.547751259
    3.320000000    0.439712618
    3.360000000    0.298090155
    3.400000000    0.146441249
    3.440000000    0.038118253
    3.480000000    0.000000000
    3.520000000    0.020110149
    3.560000000    0.062650790
    3.600000000    0.095660034
    3.640000000    0.121904126
    3.680000000    0.166034090
    3.720000000    0.258591133
    3.760000000    0.423855468
    3.800000000    0.664865802
    3.840000000    0.962172069
    3.880000000    1.272637886
    3.920000000    1.557925838
    3.960000000    1.805539197
    4.000000000    2.011407376
    4.040000000    2.167961201
    4.080000000    2.278610407
    4.120000000    2.357310641
    4.160000000    2.422751416
    4.200000000    2.487017631
    4.240000000    2.552963795
    4.280000000    2.627359986
    4.320000000    2.726515920
    4.360000000    2.859710157
    4.400000000    3.022063091
    4.440000000    3.192141801
    4.480000000    3.354605797
    4.520000000    3.506409361
    4.560000000    3.662826043
    4.600000000    3.854117609
    4.640000000    4.092669429
    4.680000000    4.368906325
    4.720000000    4.674997683
    4.760000000    5.012713125
    4.800000000    5.389775975
    4.840000000    5.775504216
    4.880000000    6.147292074
    4.920000000    6.524461674
    4.960000000    6.957787826
    5.000000000    7.458680261
    5.040000000    7.974957747
    5.080000000    8.438176879
    5.120000000    8.847574096
    5.160000000    9.272202324
    5.200000000    9.773527248
    5.240000000   10.316156213
    5.280000000   10.801724331
    5.320000000   11.183250690
    5.360000000   11.506545204
    5.400000000   11.822056261
    5.440000000   12.139591134
    5.480000000   12.476813161
    5.520000000   12.861192831
    5.560000000   13.272366146
    5.600000000   13.601020392
    5.640000000   13.798960253
    5.680000000   13.931776014
    5.720000000   14.069171719
    5.760000000   14.216711298
    5.800000000   14.339747207
    5.840000000   14.415595249
    5.880000000   14.467967261
    5.920000000   14.544389569
    5.960000000   14.651078097
    6.000000000   14.754376965
    6.040000000   14.819112328
    6.080000000   14.838376146
    6.120000000   14.835188161
    6.160000000   14.838747016
    6.200000000   14.865022425
    6.240000000   14.899610397
    6.280000000   14.916922292
    6.320000000   14.906702987
    6.360000000   14.878951261
    6.400000000   14.854062397
    6.440000000   14.843882173
    6.480000000   14.841607873
    6.520000000   14.845065782
    6.560000000   14.864996710
    6.600000000   14.911295558
    6.640000000   14.973988449
    6.680000000   15.019067130
    6.720000000   15.034824695
    6.760000000   15.037882075
    6.800000000   15.056303244
    6.840000000   15.106694837
    6.880000000   15.185186545
    6.920000000   15.277264102
    6.960000000   15.357640436
    7.000000000   15.398329083
    7.040000000   15.394812175
    7.080000000   15.360949983
    7.120000000   15.323475989
    7.160000000   15.297524339
    7.200000000   15.282179017
    7.240000000   15.273441721
    7.280000000   15.273987048
    7.320000000   15.294836125
    7.360000000   15.345872805
    7.400000000   15.429273406
    7.440000000   15.522154153
    7.480000000   15.584849894
    7.520000000   15.594551361
    7.560000000   15.551879092
    7.600000000   15.488152977
    7.640000000   15.459683217
    7.680000000   15.492515085
    7.720000000   15.557815352
    7.760000000   15.598906923
    7.800000000   15.584768907
    7.840000000   15.528609463
    7.880000000   15.467585721
    7.920000000   15.442288132
    7.960000000   15.466542719
    8.000000000   15.516399720
    8.040000000   15.541649951
    8.080000000   15.506103422
    8.120000000   15.416609959
    8.160000000   15.320233278
    8.200000000   15.270830014
    8.240000000   15.279837222
    8.280000000   15.315936356
    8.320000000   15.342558932
    8.360000000   15.337531189
    8.400000000   15.295189633
    8.440000000   15.219104531
    8.480000000   15.133260694
    8.520000000   15.071398287
    8.560000000   15.056660851
    8.600000000   15.076579122
    8.640000000   15.085334509
    8.680000000   15.053773230
    8.720000000   14.997608295
    8.760000000   14.965854192
    8.800000000   14.982411552
    8.840000000   15.012967161
    8.880000000   15.010154404
    8.920000000   14.949004815
    8.960000000   14.852457477
    9.000000000   14.760262162
    9.040000000   14.691411131
    9.080000000   14.639507429
    9.120000000   14.599681353
    9.160000000   14.574689795
    9.200000000   14.549356971
    9.240000000   14.511713375
    9.280000000   14.464871939
    9.320000000   14.418808227
    9.360000000   14.382640725
    9.400000000   14.341653920
    9.440000000   14.287186182
    9.480000000   14.234948704
    9.520000000   14.218943862
    9.560000000   14.248619251
    9.600000000   14.292206858
    9.640000000   14.307937389
    9.680000000   14.271710327
    9.720000000   14.203856977
    9.760000000   14.147670513
    9.800000000   14.133622067
    9.840000000   14.157596416
    9.880000000   14.190273168
    9.920000000   14.222146947
    9.960000000   14.250506721
   10.000000000   14.263856777
   10.040000000   14.230343607
   10.080000000   14.135090528
   10.120000000   14.011001895
   10.160000000   13.926382974
   10.200000000   13.919633348
   10.240000000   13.971142441
   10.280000000   14.026654235
   10.320000000   14.045472407
   10.360000000   14.018006794
   10.400000000   13.967571313
   10.440000000   13.930255961
   10.480000000   13.926310187
   10.520000000   13.947539755
   10.560000000   13.976552346
   10.600000000   14.002334001
   10.640000000   14.020805233
   10.680000000   14.040349525
   10.720000000   14.074439581
   10.760000000   14.116153780
   10.800000000   14.138275967
   10.840000000   14.114619266
   10.880000000   14.053973310
   10.920000000   13.996461093
   10.960000000   13.967903059
   11.000000000   13.950600191
   11.040000000   13.914092875
   11.080000000   13.853395803
   11.120000000   13.800594361
   11.160000000   13.783024609
   11.200000000   13.786072146
   11.240000000   13.760688554
   11.280000000   13.690058181
   11.320000000   13.605058230
   11.360000000   13.548809609
   11.400000000   13.530654700
   11.440000000   13.519819637
   11.480000000   13.467513636
   11.520000000   13.362704521
   11.560000000   13.250111263
   11.600000000   13.200565936
   11.640000000   13.240372158
   11.680000000   13.332558092
   11.720000000   13.402470001
   11.760000000   13.397976392
   11.800000000   13.315082109
   11.840000000   13.210681171
   11.880000000   13.151989060
   11.920000000   13.164461037
   11.960000000   13.216069729
   12.000000000   13.252404109
