#! FIELDS distance ffz2 dffz2_distance
#! SET normalisation  1.000000
#! SET min_distance 7.6
#! SET max_distance 20.0
#! SET nbins_distance  300
#! SET periodic_distance false
 7.600000 9.813992 -0.085600
 7.641333 12.084062 -19.312417
 7.682667 11.277398 -17.903141
 7.724000 10.530060 -16.653051
 7.765333 9.832011 -15.619237
 7.806667 9.180208 -14.751698
 7.848000 8.562245 -14.105218
 7.889333 7.976296 -13.542735
 7.930667 7.399436 -13.291875
 7.972000 6.839396 -13.039563
 8.013333 6.296096 -12.712790
 8.054667 5.770565 -12.300781
 8.096000 5.269951 -11.713105
 8.137333 4.796130 -11.021672
 8.178667 4.354058 -10.247946
 8.220000 3.941186 -9.559156
 8.261333 3.557181 -8.967887
 8.302667 3.193659 -8.567619
 8.344000 2.842719 -8.337428
 8.385333 2.501490 -8.125316
 8.426667 2.170805 -7.818830
 8.468000 1.856010 -7.362423
 8.509333 1.563014 -6.782768
 8.550667 1.295355 -6.149571
 8.592000 1.054059 -5.518166
 8.633333 0.838403 -4.916188
 8.674667 0.646878 -4.354813
 8.716000 0.477517 -3.844519
 8.757333 0.328174 -3.387321
 8.798667 0.196880 -2.967966
 8.840000 0.082700 -2.552700
 8.881333 -0.013774 -2.108668
 8.922667 -0.091180 -1.633231
 8.964000 -0.148739 -1.154008
 9.005333 -0.186884 -0.696146
 9.046667 -0.206389 -0.245429
 9.088000 -0.206532 0.250074
 9.129333 -0.184390 0.836087
 9.170667 -0.136162 1.504926
 9.212000 -0.059746 2.182190
 9.253333 0.042904 2.753038
 9.294667 0.165032 3.108208
 9.336000 0.296584 3.207158
 9.377333 0.427995 3.114679
 9.418667 0.553680 2.949187
 9.460000 0.672209 2.769005
 9.501333 0.783046 2.557547
 9.542667 0.884536 2.318066
 9.584000 0.976237 2.103525
 9.625333 1.060649 1.974449
 9.666667 1.141924 1.952926
 9.708000 1.223928 2.011150
 9.749333 1.309254 2.100336
 9.790667 1.398528 2.202201
 9.832000 1.491732 2.282974
 9.873333 1.586956 2.293311
 9.914667 1.679757 2.152903
 9.956000 1.762975 1.825798
 9.997333 1.829859 1.385816
 10.038667 1.878809 0.990272
 10.080000 1.915010 0.789395
 10.121333 1.948268 0.844890
 10.162667 1.988575 1.126962
 10.204000 2.043142 1.510794
 10.245333 2.113374 1.858577
 10.286667 2.195330 2.070488
 10.328000 2.282524 2.116358
 10.369333 2.368980 2.041705
 10.410667 2.451289 1.929142
 10.452000 2.529531 1.860537
 10.493333 2.607340 1.922282
 10.534667 2.691868 2.191333
 10.576000 2.792478 2.689367
 10.617333 2.917491 3.363390
 10.658667 3.071515 4.066288
 10.700000 3.252007 4.595134
 10.741333 3.447168 4.745210
 10.782667 3.638433 4.394966
 10.824000 3.807253 3.717193
 10.865333 3.948318 3.123593
 10.906667 4.072924 2.938992
 10.948000 4.199403 3.192045
 10.989333 4.342560 3.693006
 11.030667 4.507801 4.248690
 11.072000 4.693836 4.690296
 11.113333 4.894298 4.945752
 11.154667 5.101581 5.022938
 11.196000 5.309612 4.979375
 11.237333 5.515097 4.905620
 11.278667 5.718650 4.855619
 11.320000 5.920533 4.858805
 11.361333 6.121443 4.750144
 11.402667 6.313417 4.431543
 11.444000 6.487133 3.870690
 11.485333 6.636485 3.286582
 11.526667 6.765698 2.975036
 11.568000 6.888598 2.999577
 11.609333 7.017912 3.192146
 11.650667 7.155325 3.401548
 11.692000 7.298148 3.432183
 11.733333 7.438493 3.319307
 11.774667 7.572922 3.161676
 11.816000 7.701921 3.069584
 11.857333 7.829234 3.089298
 11.898667 7.960206 3.250532
 11.940000 8.101287 3.549061
 11.981333 8.256477 3.930617
 12.022667 8.425819 4.196298
 12.064000 8.600595 4.184194
 12.105333 8.769035 3.874772
 12.146667 8.922719 3.530924
 12.188000 9.065349 3.390890
 12.229333 9.206910 3.447775
 12.270667 9.352186 3.506442
 12.312000 9.496215 3.306609
 12.353333 9.623601 2.778689
 12.394667 9.723310 2.010736
 12.436000 9.793258 1.404693
 12.477333 9.846727 1.246367
 12.518667 9.903289 1.518241
 12.560000 9.977166 2.046720
 12.601333 10.073754 2.599357
 12.642667 10.189454 2.928420
 12.684000 10.311426 2.896601
 12.725333 10.425142 2.561607
 12.766667 10.523910 2.244460
 12.808000 10.615489 2.231489
 12.849333 10.713768 2.556777
 12.890667 10.829325 2.994880
 12.932000 10.961324 3.347801
 12.973333 11.103183 3.428844
 13.014667 11.242496 3.232559
 13.056000 11.368041 2.796574
 13.097333 11.471335 2.155337
 13.138667 11.544381 1.329489
 13.180000 11.580021 0.350263
 13.221333 11.575112 -0.565602
 13.262667 11.539474 -1.082492
 13.304000 11.494652 -0.995733
 13.345333 11.464630 -0.404309
 13.386667 11.465766 0.486311
 13.428000 11.506208 1.468389
 13.469333 11.586725 2.406462
 13.510667 11.703283 3.192412
 13.552000 11.847737 3.746692
 13.593333 12.009164 4.007603
 13.634667 12.174852 3.948027
 13.676000 12.331623 3.586245
 13.717333 12.469151 2.957866
 13.758667 12.578106 2.308936
 13.800000 12.662169 1.790089
 13.841333 12.731183 1.550956
 13.882667 12.796130 1.606645
 13.924000 12.865052 1.661685
 13.965333 12.931724 1.499342
 14.006667 12.985628 1.064564
 14.048000 13.021500 0.712356
 14.089333 13.050662 0.765115
 14.130667 13.091077 1.230727
 14.172000 13.154727 1.839659
 14.213333 13.241000 2.259722
 14.254667 13.336395 2.267294
 14.296000 13.422274 1.804350
 14.337333 13.483264 1.140616
 14.378667 13.519122 0.643253
 14.420000 13.541974 0.510248
 14.461333 13.565635 0.650454
 14.502667 13.596535 0.815692
 14.544000 13.631340 0.821861
 14.585333 13.662541 0.664490
 14.626667 13.686423 0.497743
 14.668000 13.706102 0.478174
 14.709333 13.728190 0.602068
 14.750667 13.756310 0.744483
 14.792000 13.788679 0.794505
 14.833333 13.821205 0.761533
 14.874667 13.852463 0.754780
 14.916000 13.885059 0.828441
 14.957333 13.920967 0.891370
 14.998667 13.956665 0.793056
 15.040000 13.984324 0.519263
 15.081333 13.999382 0.214874
 15.122667 14.004047 0.024321
 15.164000 14.002962 -0.079814
 15.205333 13.996633 -0.250742
 15.246667 13.980301 -0.562090
 15.288000 13.949817 -0.907814
 15.329333 13.907851 -1.085910
 15.370667 13.863754 -1.010536
 15.412000 13.826853 -0.761865
 15.453333 13.800542 -0.534079
 15.494667 13.779859 -0.512098
 15.536000 13.755117 -0.715659
 15.577333 13.720736 -0.924238
 15.618667 13.682494 -0.868982
 15.660000 13.653424 -0.496610
 15.701333 13.643278 -0.000021
 15.742667 13.651414 0.349718
 15.784000 13.668163 0.407600
 15.825333 13.682925 0.294994
 15.866667 13.693854 0.258502
 15.908000 13.707106 0.406165
 15.949333 13.728220 0.604003
 15.990667 13.754813 0.638735
 16.032000 13.777510 0.419632
 16.073333 13.787982 0.072589
 16.114667 13.785344 -0.180254
 16.156000 13.774999 -0.311991
 16.197333 13.758946 -0.488762
 16.238667 13.731962 -0.849350
 16.280000 13.688173 -1.259339
 16.321333 13.631038 -1.455833
 16.362667 13.572091 -1.358955
 16.404000 13.519876 -1.178880
 16.445333 13.472053 -1.181519
 16.486667 13.419189 -1.396197
 16.528000 13.357394 -1.560712
 16.569333 13.294580 -1.421691
 16.610667 13.243773 -1.008487
 16.652000 13.212107 -0.531678
 16.693333 13.198258 -0.163308
 16.734667 13.196669 0.065305
 16.776000 13.202524 0.207210
 16.817333 13.213229 0.298843
 16.858667 13.226427 0.323397
 16.900000 13.238310 0.227061
 16.941333 13.242745 -0.046335
 16.982667 13.232149 -0.491683
 17.024000 13.201751 -0.964496
 17.065333 13.155476 -1.226241
 17.106667 13.104701 -1.186072
 17.148000 13.060126 -0.961643
 17.189333 13.024831 -0.771080
 17.230667 12.993842 -0.765451
 17.272000 12.959647 -0.899519
 17.313333 12.920406 -0.970035
 17.354667 12.882611 -0.822352
 17.396000 12.854807 -0.512386
 17.437333 12.839310 -0.268490
 17.478667 12.828927 -0.289169
 17.520000 12.812039 -0.554335
 17.561333 12.782828 -0.846548
 17.602667 12.744794 -0.957786
 17.644000 12.706361 -0.878627
 17.685333 12.673380 -0.713458
 17.726667 12.647140 -0.565380
 17.768000 12.625740 -0.480139
 17.809333 12.606470 -0.469363
 17.850667 12.585862 -0.546275
 17.892000 12.559503 -0.752793
 17.933333 12.521887 -1.083952
 17.974667 12.469583 -1.434600
 18.016000 12.405462 -1.628123
 18.057333 12.338502 -1.573958
 18.098667 12.277564 -1.362799
 18.140000 12.225034 -1.208929
 18.181333 12.173973 -1.311079
 18.222667 12.112862 -1.671550
 18.264000 12.035356 -2.059201
 18.305333 11.945425 -2.251723
 18.346667 11.852034 -2.243935
 18.388000 11.760721 -2.176969
 18.429333 11.671579 -2.140844
 18.470667 11.584109 -2.074081
 18.512000 11.502553 -1.834066
 18.553333 11.435923 -1.353227
 18.594667 11.392967 -0.711877
 18.636000 11.376605 -0.105343
 18.677333 11.380600 0.238777
 18.718667 11.390733 0.187454
 18.760000 11.391600 -0.178067
 18.801333 11.375064 -0.618991
 18.842667 11.341551 -0.990211
 18.884000 11.293404 -1.348527
 18.925333 11.229436 -1.750477
 18.966667 11.149441 -2.096738
 19.008000 11.059593 -2.199568
 19.049333 10.972107 -1.987622
 19.090667 10.897996 -1.583814
 19.132000 10.841097 -1.187702
 19.173333 10.797424 -0.959945
 19.214667 10.759216 -0.909622
 19.256000 10.721840 -0.883256
 19.297333 10.688303 -0.710409
 19.338667 10.665135 -0.400589
 19.380000 10.654156 -0.170838
 19.421333 10.646120 -0.294096
 19.462667 10.624030 -0.825956
 19.504000 10.577204 -1.404687
 19.545333 10.513911 -1.566773
 19.586667 10.454992 -1.214764
 19.628000 10.416887 -0.620711
 19.669333 10.401491 -0.184507
 19.710667 10.394698 -0.244660
 19.752000 10.373531 -0.851057
 19.793333 10.322012 -1.625854
 19.834667 10.243619 -2.090787
 19.876000 10.155424 -2.110274
 19.917333 10.073164 -1.841776
 19.958667 10.004352 -1.486031
 20.000000 9.934727 -1.118973
