#! FIELDS xydist projection
#! SET min_xydist 0.0
#! SET max_xydist 12.0
#! SET nbins_xydist  301
#! SET periodic_xydist false
    0.000000000   15.745424148
    0.040000000   12.292534251
    0.080000000   10.587113550
    0.120000000   10.219126966
    0.160000000   10.397516634
    0.200000000   10.513637701
    0.240000000   10.392817466
    0.280000000   10.163611850
    0.320000000    9.997130736
    0.360000000    9.952277602
    0.400000000    9.985298296
    0.440000000    9.989299057
    0.480000000    9.937952637
    0.520000000    9.840697125
    0.560000000    9.720266495
    0.600000000    9.589192483
    0.640000000    9.450305713
    0.680000000    9.315004751
    0.720000000    9.218381090
    0.760000000    9.174806352
    0.800000000    9.159551017
    0.840000000    9.120498822
    0.880000000    9.030705649
    0.920000000    8.899477567
    0.960000000    8.758195854
    1.000000000    8.631146367
    1.040000000    8.522624629
    1.080000000    8.432807391
    1.120000000    8.362852787
    1.160000000    8.321238072
    1.200000000    8.289043633
    1.240000000    8.230251875
    1.280000000    8.120186881
    1.320000000    7.952203151
    1.360000000    7.753888561
    1.400000000    7.555228595
    1.440000000    7.388412814
    1.480000000    7.282094242
    1.520000000    7.237919401
    1.560000000    7.204371299
    1.600000000    7.117958709
    1.640000000    6.956873033
    1.680000000    6.758573965
    1.720000000    6.570495402
    1.760000000    6.389996058
    1.800000000    6.191846047
    1.840000000    5.979565838
    1.880000000    5.791963421
    1.920000000    5.655761810
    1.960000000    5.549667707
    2.000000000    5.428285015
    2.040000000    5.272575888
    2.080000000    5.092641498
    2.120000000    4.916585680
    2.160000000    4.757783699
    2.200000000    4.614795363
    2.240000000    4.477938431
    2.280000000    4.329491649
    2.320000000    4.152225655
    2.360000000    3.949893897
    2.400000000    3.748166601
    2.440000000    3.575178372
    2.480000000    3.428984304
    2.520000000    3.289430457
    2.560000000    3.120425945
    2.600000000    2.915683806
    2.640000000    2.698016222
    2.680000000    2.497299084
    2.720000000    2.323622994
    2.760000000    2.170925202
    2.800000000    2.030427347
    2.840000000    1.894049690
    2.880000000    1.765542702
    2.920000000    1.650284138
    2.960000000    1.557165968
    3.000000000    1.475981374
    3.040000000    1.381174203
    3.080000000    1.246167696
    3.120000000    1.068478845
    3.160000000    0.865085033
    3.200000000    0.670867988
    3.240000000    0.516304529
    3.280000000    0.406965295
    3.320000000    0.329563531
    3.360000000    0.258715744
    3.400000000    0.183341122
    3.440000000    0.104028603
    3.480000000    0.035737969
    3.520000000    0.000000000
    3.560000000    0.005216477
    3.600000000    0.031968658
    3.640000000    0.058700723
    3.680000000    0.094243181
    3.720000000    0.179872488
    3.760000000    0.355555153
    3.800000000    0.624070664
    3.840000000    0.945874930
    3.880000000    1.276531342
    3.920000000    1.603910637
    3.960000000    1.922335586
    4.000000000    2.192631461
    4.040000000    2.377725893
    4.080000000    2.483170629
    4.120000000    2.559566523
    4.160000000    2.647733524
    4.200000000    2.753455537
    4.240000000    2.873755222
    4.280000000    2.999919914
    4.320000000    3.141153911
    4.360000000    3.302054193
    4.400000000    3.469090585
    4.440000000    3.626559674
    4.480000000    3.772556366
    4.520000000    3.917389271
    4.560000000    4.080572620
    4.600000000    4.280196232
    4.640000000    4.527221698
    4.680000000    4.821328944
    4.720000000    5.142060996
    4.760000000    5.476537266
    4.800000000    5.840260971
    4.840000000    6.255206110
    4.880000000    6.705188472
    4.920000000    7.133580886
    4.960000000    7.511224176
    5.000000000    7.883095599
    5.040000000    8.313654046
    5.080000000    8.809929497
    5.120000000    9.311171260
    5.160000000    9.765983715
    5.200000000   10.191263933
    5.240000000   10.645248993
    5.280000000   11.132851124
    5.320000000   11.582164945
    5.360000000   11.935883878
    5.400000000   12.216982476
    5.440000000   12.485597859
    5.480000000   12.788508173
    5.520000000   13.113461091
    5.560000000   13.408681185
    5.600000000   13.628484364
    5.640000000   13.788774348
    5.680000000   13.942812236
    5.720000000   14.116929687
    5.760000000   14.294629848
    5.800000000   14.450348909
    5.840000000   14.569719340
    5.880000000   14.661953293
    5.920000000   14.747038610
    5.960000000   14.848145726
    6.000000000   14.966787679
    6.040000000   15.080139984
    6.080000000   15.155980091
    6.120000000   15.182993076
    6.160000000   15.186439773
    6.200000000   15.204205838
    6.240000000   15.255517613
    6.280000000   15.350203035
    6.320000000   15.492259707
    6.360000000   15.660681290
    6.400000000   15.801698658
    6.440000000   15.850237241
    6.480000000   15.800648921
    6.520000000   15.711629017
    6.560000000   15.657008070
    6.600000000   15.672545309
    6.640000000   15.731731317
    6.680000000   15.794540011
    6.720000000   15.850664747
    6.760000000   15.910119380
    6.800000000   15.980369305
    6.840000000   16.050694562
    6.880000000   16.102060443
    6.920000000   16.124623180
    6.960000000   16.139672163
    7.000000000   16.179924170
    7.040000000   16.257176369
    7.080000000   16.347325815
    7.120000000   16.397808641
    7.160000000   16.382090618
    7.200000000   16.328956803
    7.240000000   16.305910537
    7.280000000   16.340359894
    7.320000000   16.397772708
    7.360000000   16.421547857
    7.400000000   16.395509468
    7.440000000   16.344586127
    7.480000000   16.294166696
    7.520000000   16.266480706
    7.560000000   16.288104112
    7.600000000   16.350139628
    7.640000000   16.407336797
    7.680000000   16.420114966
    7.720000000   16.382378006
    7.760000000   16.317080809
    7.800000000   16.260636519
    7.840000000   16.236880527
    7.880000000   16.239767684
    7.920000000   16.243775611
    7.960000000   16.230430949
    8.000000000   16.193335705
    8.040000000   16.132493274
    8.080000000   16.045279783
    8.120000000   15.948958434
    8.160000000   15.876935191
    8.200000000   15.867920044
    8.240000000   15.934959407
    8.280000000   16.044264510
    8.320000000   16.112560360
    8.360000000   16.105656360
    8.400000000   16.054354936
    8.440000000   15.997336813
    8.480000000   15.961979950
    8.520000000   15.963029262
    8.560000000   15.988576744
    8.600000000   16.018358064
    8.640000000   16.040495995
    8.680000000   16.048563614
    8.720000000   16.039285078
    8.760000000   16.007046700
    8.800000000   15.958641851
    8.840000000   15.908589100
    8.880000000   15.866654073
    8.920000000   15.823413826
    8.960000000   15.775314918
    9.000000000   15.733531513
    9.040000000   15.724867808
    9.080000000   15.766137677
    9.120000000   15.835112742
    9.160000000   15.873249423
    9.200000000   15.827373742
    9.240000000   15.698267767
    9.280000000   15.546954469
    9.320000000   15.454249859
    9.360000000   15.447962219
    9.400000000   15.491717529
    9.440000000   15.526648589
    9.480000000   15.529900811
    9.520000000   15.514803484
    9.560000000   15.491522453
    9.600000000   15.453778174
    9.640000000   15.405299513
    9.680000000   15.381886129
    9.720000000   15.432040928
    9.760000000   15.564648128
    9.800000000   15.712028996
    9.840000000   15.792642637
    9.880000000   15.770544509
    9.920000000   15.663162635
    9.960000000   15.528400203
   10.000000000   15.443010126
   10.040000000   15.449471330
   10.080000000   15.515224169
   10.120000000   15.580806621
   10.160000000   15.621434418
   10.200000000   15.641870171
   10.240000000   15.657607227
   10.280000000   15.678272378
   10.320000000   15.687386703
   10.360000000   15.665021611
   10.400000000   15.605299343
   10.440000000   15.533360135
   10.480000000   15.483336807
   10.520000000   15.493073014
   10.560000000   15.546769143
   10.600000000   15.572009645
   10.640000000   15.524914842
   10.680000000   15.425543391
   10.720000000   15.334160875
   10.760000000   15.300854445
   10.800000000   15.329939414
   10.840000000   15.380984306
   10.880000000   15.399697811
   10.920000000   15.362889995
   10.960000000   15.285711806
   11.000000000   15.189626032
   11.040000000   15.091342320
   11.080000000   15.006004929
   11.120000000   14.944856178
   11.160000000   14.908624892
   11.200000000   14.890272431
   11.240000000   14.868496667
   11.280000000   14.823724146
   11.320000000   14.749836145
   11.360000000   14.649299479
   11.400000000   14.529412838
   11.440000000   14.429433862
   11.480000000   14.388633349
   11.520000000   14.417258943
   11.560000000   14.480210005
   11.600000000   14.526321512
   11.640000000   14.519642310
   11.680000000   14.463194993
   11.720000000   14.412043995
   11.760000000   14.410285104
   11.800000000   14.451434270
   11.840000000   14.488629162
   11.880000000   14.489341247
   11.920000000   14.469892919
   11.960000000   14.461009269
   12.000000000   14.458100177
