#! FIELDS distance ffz2 dffz2_distance
#! SET normalisation  1.000000
#! SET min_distance 7.6
#! SET max_distance 20.0
#! SET nbins_distance  300
#! SET periodic_distance false
 7.600000 7.693484 -0.000453
 7.641333 13.056901 -20.141102
 7.682667 12.154940 -19.043428
 7.724000 11.316085 -18.063063
 7.765333 10.536310 -17.137070
 7.806667 9.815135 -16.190668
 7.848000 9.136106 -15.349997
 7.889333 8.500367 -14.531053
 7.930667 7.905212 -13.709463
 7.972000 7.332239 -13.150515
 8.013333 6.787162 -12.655051
 8.054667 6.269630 -12.135225
 8.096000 5.765486 -11.771648
 8.137333 5.282569 -11.334559
 8.178667 4.817607 -10.895686
 8.220000 4.373272 -10.434849
 8.261333 3.947074 -10.019552
 8.302667 3.538712 -9.622576
 8.344000 3.146801 -9.232772
 8.385333 2.772247 -8.814803
 8.426667 2.414515 -8.404577
 8.468000 2.074687 -7.993006
 8.509333 1.751585 -7.603518
 8.550667 1.444247 -7.230742
 8.592000 1.153084 -6.834739
 8.633333 0.879475 -6.383183
 8.674667 0.626145 -5.854440
 8.716000 0.396382 -5.247841
 8.757333 0.193004 -4.582877
 8.798667 0.017958 -3.881161
 8.840000 -0.127561 -3.155576
 8.881333 -0.242641 -2.408943
 8.922667 -0.326484 -1.645608
 8.964000 -0.378673 -0.881457
 9.005333 -0.399770 -0.147642
 9.046667 -0.391854 0.515177
 9.088000 -0.358677 1.069085
 9.129333 -0.305224 1.494808
 9.170667 -0.236655 1.804487
 9.212000 -0.157015 2.036424
 9.253333 -0.068581 2.235434
 9.294667 0.027939 2.428224
 9.336000 0.132571 2.621840
 9.377333 0.245405 2.821063
 9.418667 0.366747 3.034506
 9.460000 0.497381 3.267811
 9.501333 0.637916 3.510091
 9.542667 0.787753 3.695268
 9.584000 0.942270 3.718912
 9.625333 1.092545 3.463543
 9.666667 1.226105 2.932321
 9.708000 1.333850 2.238144
 9.749333 1.412902 1.572738
 9.790667 1.467546 1.085554
 9.832000 1.507235 0.861286
 9.873333 1.543791 0.929524
 9.914667 1.587839 1.205769
 9.956000 1.644204 1.492728
 9.997333 1.708592 1.556906
 10.038667 1.768319 1.265306
 10.080000 1.809807 0.716370
 10.121333 1.828885 0.240300
 10.162667 1.835331 0.138577
 10.204000 1.846415 0.451887
 10.245333 1.876637 1.034318
 10.286667 1.933721 1.721861
 10.328000 2.019900 2.438690
 10.369333 2.135476 3.140010
 10.410667 2.278277 3.730055
 10.452000 2.439975 4.013806
 10.493333 2.603903 3.822405
 10.534667 2.751797 3.303783
 10.576000 2.879470 2.916664
 10.617333 3.000641 2.979514
 10.658667 3.132761 3.435598
 10.700000 3.286652 3.969582
 10.741333 3.461659 4.368487
 10.782667 3.649058 4.653179
 10.824000 3.844964 4.783741
 10.865333 4.043817 4.785165
 10.906667 4.239641 4.641181
 10.948000 4.427046 4.336762
 10.989333 4.601484 3.968649
 11.030667 4.760383 3.698575
 11.072000 4.908812 3.445178
 11.113333 5.047550 3.203481
 11.154667 5.176736 3.001238
 11.196000 5.298680 2.881773
 11.237333 5.417968 2.886203
 11.278667 5.539993 2.994753
 11.320000 5.667356 3.150505
 11.361333 5.801105 3.271482
 11.402667 5.940017 3.454516
 11.444000 6.089103 3.763367
 11.485333 6.254209 4.202969
 11.526667 6.436819 4.569463
 11.568000 6.626963 4.491036
 11.609333 6.800093 3.748867
 11.650667 6.933476 2.593203
 11.692000 7.023526 1.864820
 11.733333 7.099745 1.948161
 11.774667 7.195946 2.785351
 11.816000 7.337437 4.073947
 11.857333 7.536322 5.506197
 11.898667 7.791268 6.755069
 11.940000 8.086927 7.358616
 11.981333 8.387020 6.949390
 12.022667 8.649785 5.628058
 12.064000 8.852729 4.130644
 12.105333 8.996121 2.739393
 12.146667 9.077785 0.653806
 12.188000 9.061480 -1.438455
 12.229333 8.972724 -2.622686
 12.270667 8.866758 -2.289637
 12.312000 8.797681 -0.941199
 12.353333 8.795463 0.876036
 12.394667 8.872006 2.825274
 12.436000 9.027127 4.615434
 12.477333 9.245438 5.782712
 12.518667 9.485799 5.544133
 12.560000 9.679890 3.647172
 12.601333 9.787339 1.740059
 12.642667 9.846399 1.371523
 12.684000 9.916974 2.116201
 12.725333 10.026934 2.903572
 12.766667 10.158009 3.277009
 12.808000 10.286271 2.803927
 12.849333 10.383967 1.900452
 12.890667 10.445225 1.098966
 12.932000 10.477222 0.463324
 12.973333 10.484597 -0.094407
 13.014667 10.474242 -0.414349
 13.056000 10.459262 -0.223962
 13.097333 10.460286 0.288717
 13.138667 10.480256 0.578276
 13.180000 10.494832 -0.082065
 13.221333 10.457156 -1.875811
 13.262667 10.340701 -3.610707
 13.304000 10.177083 -4.066776
 13.345333 10.021550 -3.305651
 13.386667 9.912110 -1.937056
 13.428000 9.862406 -0.496406
 13.469333 9.865595 0.543597
 13.510667 9.896755 0.820039
 13.552000 9.924085 0.441854
 13.593333 9.934409 0.138796
 13.634667 9.945011 0.492707
 13.676000 9.983151 1.412716
 13.717333 10.064328 2.513022
 13.758667 10.189089 3.481867
 13.800000 10.348469 4.178433
 13.841333 10.530137 4.520726
 13.882667 10.716404 4.388906
 13.924000 10.883190 3.560602
 13.965333 11.003803 2.247022
 14.006667 11.075375 1.192587
 14.048000 11.121120 1.124715
 14.089333 11.180572 1.848601
 14.130667 11.279259 2.960490
 14.172000 11.427190 4.071456
 14.213333 11.612651 4.751019
 14.254667 11.797368 3.767796
 14.296000 11.881109 -0.192369
 14.337333 11.771794 -4.794556
 14.378667 11.529586 -6.397143
 14.420000 11.274475 -5.724008
 14.461333 11.068330 -4.191118
 14.502667 10.931007 -2.450573
 14.544000 10.864613 -0.798972
 14.585333 10.861196 0.570572
 14.626667 10.905672 1.502092
 14.668000 10.979379 2.009311
 14.709333 11.069621 2.362736
 14.750667 11.177067 2.884649
 14.792000 11.310769 3.588702
 14.833333 11.469192 3.940797
 14.874667 11.616996 2.871441
 14.916000 11.679412 -0.178843
 14.957333 11.606102 -3.123042
 14.998667 11.449923 -4.099471
 15.040000 11.288548 -3.511079
 15.081333 11.168557 -2.243052
 15.122667 11.104014 -0.936218
 15.164000 11.083561 -0.209578
 15.205333 11.068697 -0.757599
 15.246667 11.004383 -2.442901
 15.288000 10.872341 -3.751668
 15.329333 10.713305 -3.728627
 15.370667 10.576900 -2.777228
 15.412000 10.487017 -1.557657
 15.453333 10.445710 -0.488398
 15.494667 10.440793 0.161245
 15.536000 10.449997 0.148323
 15.577333 10.441269 -0.710429
 15.618667 10.383190 -2.121328
 15.660000 10.271491 -3.121049
 15.701333 10.140361 -3.043954
 15.742667 10.031706 -2.119339
 15.784000 9.968329 -0.951162
 15.825333 9.947925 -0.151306
 15.866667 9.943564 -0.231538
 15.908000 9.916599 -1.161288
 15.949333 9.847498 -2.097896
 15.990667 9.753697 -2.308032
 16.032000 9.665302 -1.888241
 16.073333 9.600951 -1.209076
 16.114667 9.565060 -0.551106
 16.156000 9.552211 -0.125805
 16.197333 9.548001 -0.179526
 16.238667 9.529006 -0.826804
 16.280000 9.476488 -1.692211
 16.321333 9.395725 -2.096764
 16.362667 9.313488 -1.773449
 16.404000 9.256270 -0.939554
 16.445333 9.238386 0.078010
 16.486667 9.262507 1.074879
 16.528000 9.325761 1.970530
 16.569333 9.424302 2.779535
 16.610667 9.554576 3.496802
 16.652000 9.709034 3.880964
 16.693333 9.862019 3.284800
 16.734667 9.957587 1.072108
 16.776000 9.942435 -1.700436
 16.817333 9.839273 -2.981073
 16.858667 9.721729 -2.490150
 16.900000 9.645918 -1.086468
 16.941333 9.635684 0.589621
 16.982667 9.691979 2.044783
 17.024000 9.792169 2.557906
 17.065333 9.878449 1.284090
 17.106667 9.879946 -1.233038
 17.148000 9.792363 -2.683167
 17.189333 9.683996 -2.315701
 17.230667 9.615043 -0.921046
 17.272000 9.612271 0.803538
 17.313333 9.680873 2.465301
 17.354667 9.811468 3.748324
 17.396000 9.979739 4.217515
 17.437333 10.143806 3.528132
 17.478667 10.260504 2.078906
 17.520000 10.320580 0.954996
 17.561333 10.351247 0.644488
 17.602667 10.380429 0.722327
 17.644000 10.411773 0.730673
 17.685333 10.435707 0.334429
 17.726667 10.436421 -0.329445
 17.768000 10.408522 -1.000042
 17.809333 10.356344 -1.493383
 17.850667 10.288314 -1.761006
 17.892000 10.214356 -1.782844
 17.933333 10.145504 -1.496634
 17.974667 10.094915 -0.909103
 18.016000 10.073948 -0.070536
 18.057333 10.090941 0.904072
 18.098667 10.148193 1.842117
 18.140000 10.239016 2.465697
 18.181333 10.341085 2.285233
 18.222667 10.410516 0.857450
 18.264000 10.401120 -1.322214
 18.305333 10.310969 -2.840184
 18.346667 10.184795 -3.069928
 18.388000 10.069415 -2.414400
 18.429333 9.991134 -1.355541
 18.470667 9.958817 -0.228591
 18.512000 9.967936 0.584054
 18.553333 9.997321 0.697393
 18.594667 10.014823 0.056596
 18.636000 10.000212 -0.711881
 18.677333 9.963772 -0.947777
 18.718667 9.927850 -0.768191
 18.760000 9.898639 -0.702228
 18.801333 9.865185 -0.952386
 18.842667 9.821450 -1.095197
 18.884000 9.783375 -0.637012
 18.925333 9.778109 0.464954
 18.966667 9.826160 1.877880
 19.008000 9.931597 3.159123
 19.049333 10.077439 3.716935
 19.090667 10.219146 2.838170
 19.132000 10.292420 0.554326
 19.173333 10.266167 -1.622391
 19.214667 10.176826 -2.468501
 19.256000 10.075291 -2.354768
 19.297333 9.983586 -2.138740
 19.338667 9.891443 -2.446088
 19.380000 9.773701 -3.300314
 19.421333 9.621193 -3.970088
 19.462667 9.457552 -3.791446
 19.504000 9.318749 -2.820431
 19.545333 9.229372 -1.476810
 19.586667 9.195282 -0.230595
 19.628000 9.201334 0.364651
 19.669333 9.208093 -0.273008
 19.710667 9.162518 -2.037952
 19.752000 9.042469 -3.616046
 19.793333 8.880850 -3.992465
 19.834667 8.726696 -3.339468
 19.876000 8.611900 -2.162259
 19.917333 8.550267 -0.812002
 19.958667 8.544257 0.499349
 20.000000 8.448397 1.281208
