#! FIELDS distance ffz2 dffz2_distance
#! SET normalisation  1.000000
#! SET min_distance 7.6
#! SET max_distance 20.0
#! SET nbins_distance  500
#! SET periodic_distance false
 7.600000 -15.569372 -5.011497
 7.624800 -15.477129 -19.999678
 7.649600 -16.040637 -19.355382
 7.674400 -16.562459 -18.597297
 7.699200 -17.048276 -17.783517
 7.724000 -17.518871 -17.091750
 7.748800 -18.016480 -16.992073
 7.773600 -18.432677 -16.173740
 7.798400 -18.878058 -15.951909
 7.823200 -19.303260 -15.675987
 7.848000 -19.695680 -15.139647
 7.872800 -20.075247 -14.618920
 7.897600 -20.473978 -14.548968
 7.922400 -20.881389 -14.730757
 7.947200 -21.245025 -14.330983
 7.972000 -21.601227 -13.930824
 7.996800 -21.950175 -13.540608
 8.021600 -22.283721 -13.034007
 8.046400 -22.615345 -12.678158
 8.071200 -22.936384 -12.313910
 8.096000 -23.247069 -11.971511
 8.120800 -23.542819 -11.573382
 8.145600 -23.826264 -11.164048
 8.170400 -24.104223 -10.862344
 8.195200 -24.375120 -10.605343
 8.220000 -24.636470 -10.308678
 8.244800 -24.891282 -10.020265
 8.269600 -25.135922 -9.653705
 8.294400 -25.375421 -9.347127
 8.319200 -25.604089 -8.981624
 8.344000 -25.823506 -8.621530
 8.368800 -26.034306 -8.290241
 8.393600 -26.237659 -8.007811
 8.418400 -26.433396 -7.744651
 8.443200 -26.624302 -7.540579
 8.468000 -26.808992 -7.323770
 8.492800 -26.988568 -7.105549
 8.517600 -27.162672 -6.871927
 8.542400 -27.330065 -6.602030
 8.567200 -27.490733 -6.317243
 8.592000 -27.644319 -6.028839
 8.616800 -27.790685 -5.745809
 8.641600 -27.929974 -5.473962
 8.666400 -28.062557 -5.215197
 8.691200 -28.189314 -4.980561
 8.716000 -28.309957 -4.745740
 8.740800 -28.424821 -4.510863
 8.765600 -28.533855 -4.270915
 8.790400 -28.636681 -4.016558
 8.815200 -28.733053 -3.746826
 8.840000 -28.822409 -3.452978
 8.864800 -28.904119 -3.128760
 8.889600 -28.977327 -2.766787
 8.914400 -29.041037 -2.363306
 8.939200 -29.094242 -1.921241
 8.964000 -29.136111 -1.451341
 8.988800 -29.166143 -0.970362
 9.013600 -29.184333 -0.499765
 9.038400 -29.191186 -0.059355
 9.063200 -29.187651 0.334682
 9.088000 -29.174995 0.677369
 9.112800 -29.154440 0.973059
 9.137600 -29.126976 1.237360
 9.162400 -29.093129 1.490810
 9.187200 -29.052926 1.752554
 9.212000 -29.005963 2.031998
 9.236800 -28.951850 2.332911
 9.261600 -28.890111 2.641166
 9.286400 -28.820789 2.942215
 9.311200 -28.744292 3.217759
 9.336000 -28.661360 3.452351
 9.360800 -28.573021 3.641549
 9.385600 -28.480429 3.797141
 9.410400 -28.384296 3.934619
 9.435200 -28.284911 4.071825
 9.460000 -28.181856 4.211331
 9.484800 -28.075367 4.368779
 9.509600 -27.964846 4.510761
 9.534400 -27.851050 4.609946
 9.559200 -27.735794 4.632676
 9.584000 -27.621116 4.518806
 9.608800 -27.511398 4.272458
 9.633600 -27.409222 3.871351
 9.658400 -27.318227 3.390263
 9.683200 -27.239699 2.911786
 9.708000 -27.172487 2.501206
 9.732800 -27.113897 2.194669
 9.757600 -27.061448 2.027267
 9.782400 -27.011213 1.960640
 9.807200 -26.961786 2.013560
 9.832000 -26.910234 2.122574
 9.856800 -26.855577 2.259166
 9.881600 -26.797574 2.385424
 9.906400 -26.736971 2.460335
 9.931200 -26.675657 2.453568
 9.956000 -26.615878 2.337890
 9.980800 -26.560421 2.111432
 10.005600 -26.511768 1.794371
 10.030400 -26.471566 1.416030
 10.055200 -26.441062 1.032931
 10.080000 -26.419675 0.676070
 10.104800 -26.406471 0.395990
 10.129600 -26.398979 0.213649
 10.154400 -26.394577 0.155432
 10.179200 -26.390096 0.219562
 10.204000 -26.382517 0.387458
 10.228800 -26.369729 0.640208
 10.253600 -26.350018 0.941758
 10.278400 -26.322592 1.263490
 10.303200 -26.287240 1.584178
 10.328000 -26.244048 1.889795
 10.352800 -26.193435 2.183517
 10.377600 -26.135670 2.471833
 10.402400 -26.070674 2.756445
 10.427200 -25.998576 3.048804
 10.452000 -25.919135 3.344943
 10.476800 -25.832418 3.642039
 10.501600 -25.738472 3.923134
 10.526400 -25.637848 4.167079
 10.551200 -25.531874 4.351908
 10.576000 -25.422352 4.443187
 10.600800 -25.311838 4.406720
 10.625600 -25.203900 4.235052
 10.650400 -25.101888 3.939993
 10.675200 -25.008390 3.568239
 10.700000 -24.924079 3.182271
 10.724800 -24.848770 2.879275
 10.749600 -24.779328 2.687301
 10.774400 -24.712972 2.636137
 10.799200 -24.646521 2.710072
 10.824000 -24.577097 2.871161
 10.848800 -24.502809 3.088198
 10.873600 -24.422633 3.342900
 10.898400 -24.335629 3.613215
 10.923200 -24.242197 3.913532
 10.948000 -24.141034 4.199346
 10.972800 -24.033213 4.485320
 10.997600 -23.918583 4.724985
 11.022400 -23.798999 4.898480
 11.047200 -23.676042 4.939487
 11.072000 -23.554174 4.839292
 11.096800 -23.436643 4.559666
 11.121600 -23.327542 4.145068
 11.146400 -23.229640 3.706625
 11.171200 -23.141584 3.343363
 11.196000 -23.060577 3.173618
 11.220800 -22.980896 3.228006
 11.245600 -22.896580 3.484514
 11.270400 -22.804401 3.946992
 11.295200 -22.699477 4.508787
 11.320000 -22.579447 5.087083
 11.344800 -22.445529 5.654148
 11.369600 -22.298199 6.107702
 11.394400 -22.142199 6.413165
 11.419200 -21.981337 6.473425
 11.444000 -21.822364 6.264869
 11.468800 -21.671869 5.804059
 11.493600 -21.535129 5.161309
 11.518400 -21.415017 4.436817
 11.543200 -21.312640 3.748192
 11.568000 -21.225710 3.135889
 11.592800 -21.152911 2.678681
 11.617600 -21.089222 2.337231
 11.642400 -21.032495 2.171513
 11.667200 -20.977722 2.147998
 11.692000 -20.922535 2.301937
 11.716800 -20.862358 2.558267
 11.741600 -20.794743 2.872975
 11.766400 -20.719069 3.223606
 11.791200 -20.634750 3.551322
 11.816000 -20.542851 3.822216
 11.840800 -20.445082 3.999726
 11.865600 -20.344595 4.079563
 11.890400 -20.243353 4.021023
 11.915200 -20.145199 3.865713
 11.940000 -20.051856 3.638312
 11.964800 -19.964127 3.398565
 11.989600 -19.882010 3.237067
 12.014400 -19.802338 3.167203
 12.039200 -19.722838 3.210446
 12.064000 -19.641233 3.338338
 12.088800 -19.555558 3.465537
 12.113600 -19.467761 3.573156
 12.138400 -19.378677 3.576012
 12.163200 -19.291125 3.454022
 12.188000 -19.207578 3.223028
 12.212800 -19.130407 2.965692
 12.237600 -19.059219 2.736704
 12.262400 -18.993025 2.600298
 12.287200 -18.929115 2.553144
 12.312000 -18.865454 2.581146
 12.336800 -18.800503 2.650951
 12.361600 -18.733095 2.712637
 12.386400 -18.664741 2.786236
 12.411200 -18.594482 2.802237
 12.436000 -18.524681 2.797723
 12.460800 -18.455735 2.749743
 12.485600 -18.388449 2.656600
 12.510400 -18.323741 2.538045
 12.535200 -18.262165 2.427712
 12.560000 -18.202840 2.336245
 12.584800 -18.145220 2.307163
 12.609600 -18.087269 2.343094
 12.634400 -18.027726 2.469790
 12.659200 -17.963866 2.644619
 12.684000 -17.895305 2.873734
 12.708800 -17.821022 3.097912
 12.733600 -17.741814 3.267329
 12.758400 -17.659577 3.320964
 12.783200 -17.577657 3.221923
 12.808000 -17.500185 2.984497
 12.832800 -17.429812 2.659592
 12.857600 -17.367689 2.361116
 12.882400 -17.311421 2.170020
 12.907200 -17.257956 2.160956
 12.932000 -17.202501 2.298746
 12.956800 -17.142483 2.540119
 12.981600 -17.076061 2.782331
 13.006400 -17.004124 2.953882
 13.031200 -16.929581 3.031083
 13.056000 -16.854544 2.990833
 13.080800 -16.781148 2.878498
 13.105600 -16.710586 2.778860
 13.130400 -16.641968 2.754607
 13.155200 -16.573047 2.812836
 13.180000 -16.501962 2.922787
 13.204800 -16.427946 3.024210
 13.229600 -16.352257 3.060343
 13.254400 -16.276856 2.962515
 13.279200 -16.205541 2.723371
 13.304000 -16.141706 2.364096
 13.328800 -16.087772 1.937636
 13.353600 -16.044845 1.520266
 13.378400 -16.011640 1.157487
 13.403200 -15.986342 0.905347
 13.428000 -15.965464 0.782731
 13.452800 -15.945859 0.815441
 13.477600 -15.923586 0.983689
 13.502400 -15.895480 1.263563
 13.527200 -15.859492 1.621853
 13.552000 -15.814383 1.995147
 13.576800 -15.760713 2.312715
 13.601600 -15.700700 2.488631
 13.626400 -15.638808 2.463672
 13.651200 -15.580341 2.205245
 13.676000 -15.530715 1.764787
 13.700800 -15.492903 1.268613
 13.725600 -15.466534 0.876796
 13.750400 -15.447444 0.694150
 13.775200 -15.430003 0.746656
 13.800000 -15.408837 0.984626
 13.824800 -15.380209 1.317610
 13.849600 -15.343042 1.663639
 13.874400 -15.297916 1.933921
 13.899200 -15.247715 2.083300
 13.924000 -15.195682 2.070709
 13.948800 -15.145775 1.915949
 13.973600 -15.101073 1.669984
 13.998400 -15.062892 1.397935
 14.023200 -15.031134 1.173463
 14.048000 -15.003907 1.038614
 14.072800 -14.978686 1.007673
 14.097600 -14.952981 1.064520
 14.122400 -14.925175 1.182767
 14.147200 -14.894134 1.310121
 14.172000 -14.859926 1.389913
 14.196800 -14.824878 1.418321
 14.221600 -14.790310 1.351547
 14.246400 -14.758447 1.199704
 14.271200 -14.730912 0.996656
 14.296000 -14.708591 0.795496
 14.320800 -14.690959 0.634004
 14.345600 -14.676664 0.532809
 14.370400 -14.663774 0.502539
 14.395200 -14.650694 0.562321
 14.420000 -14.635083 0.707077
 14.444800 -14.614796 0.928047
 14.469600 -14.588264 1.219817
 14.494400 -14.553953 1.539205
 14.519200 -14.511751 1.845224
 14.544000 -14.462653 2.080991
 14.568800 -14.409183 2.197568
 14.593600 -14.354811 2.159471
 14.618400 -14.303287 1.973493
 14.643200 -14.257627 1.694260
 14.668000 -14.219078 1.420269
 14.692800 -14.186163 1.227584
 14.717600 -14.156481 1.184439
 14.742400 -14.126108 1.274724
 14.767200 -14.092347 1.453895
 14.792000 -14.053642 1.631544
 14.816800 -14.011490 1.738554
 14.841600 -13.968640 1.686665
 14.866400 -13.929122 1.433052
 14.891200 -13.897972 1.037159
 14.916000 -13.877601 0.608760
 14.940800 -13.866954 0.274216
 14.965600 -13.862371 0.127658
 14.990400 -13.858746 0.184941
 15.015200 -13.851585 0.399582
 15.040000 -13.838114 0.688658
 15.064800 -13.817590 0.959107
 15.089600 -13.791276 1.142383
 15.114400 -13.761776 1.193744
 15.139200 -13.732666 1.133961
 15.164000 -13.706070 0.990820
 15.188800 -13.683383 0.840740
 15.213600 -13.663856 0.731265
 15.238400 -13.646352 0.692546
 15.263200 -13.629023 0.707600
 15.288000 -13.611125 0.735354
 15.312800 -13.592838 0.730059
 15.337600 -13.575502 0.655339
 15.362400 -13.560970 0.490827
 15.387200 -13.551351 0.262510
 15.412000 -13.547912 0.000740
 15.436800 -13.551024 -0.248769
 15.461600 -13.559879 -0.458796
 15.486400 -13.573147 -0.607068
 15.511200 -13.589202 -0.681071
 15.536000 -13.606213 -0.682461
 15.560800 -13.622487 -0.617444
 15.585600 -13.636348 -0.493854
 15.610400 -13.646423 -0.324115
 15.635200 -13.651840 -0.107230
 15.660000 -13.651563 0.132651
 15.684800 -13.645049 0.381421
 15.709600 -13.632528 0.622309
 15.734400 -13.614476 0.821754
 15.759200 -13.592357 0.948581
 15.784000 -13.568293 0.975255
 15.808800 -13.544908 0.888630
 15.833600 -13.524923 0.700747
 15.858400 -13.510532 0.453978
 15.883200 -13.502506 0.196233
 15.908000 -13.500435 -0.018518
 15.932800 -13.502680 -0.157403
 15.957600 -13.507278 -0.201428
 15.982400 -13.511960 -0.165656
 16.007200 -13.515037 -0.085859
 16.032000 -13.516043 0.005801
 16.056800 -13.514936 0.064211
 16.081600 -13.513129 0.065016
 16.106400 -13.512304 -0.011269
 16.131200 -13.514137 -0.152446
 16.156000 -13.519963 -0.318571
 16.180800 -13.529650 -0.461505
 16.205600 -13.542084 -0.527396
 16.230400 -13.554945 -0.491713
 16.255200 -13.565569 -0.349390
 16.280000 -13.571506 -0.122238
 16.304800 -13.571131 0.151400
 16.329600 -13.563855 0.426155
 16.354400 -13.550316 0.657775
 16.379200 -13.531889 0.812830
 16.404000 -13.510664 0.878684
 16.428800 -13.488808 0.860433
 16.453600 -13.468234 0.790494
 16.478400 -13.449838 0.687594
 16.503200 -13.434213 0.571969
 16.528000 -13.421589 0.435647
 16.552800 -13.412901 0.256633
 16.577600 -13.409399 0.016139
 16.602400 -13.412665 -0.292517
 16.627200 -13.424148 -0.642150
 16.652000 -13.444357 -0.984040
 16.676800 -13.472457 -1.267318
 16.701600 -13.506310 -1.457429
 16.726400 -13.543664 -1.544857
 16.751200 -13.582307 -1.558851
 16.776000 -13.620702 -1.532431
 16.800800 -13.658160 -1.489889
 16.825600 -13.694427 -1.432351
 16.850400 -13.729170 -1.358881
 16.875200 -13.761528 -1.248050
 16.900000 -13.790592 -1.089674
 16.924800 -13.815192 -0.891921
 16.949600 -13.834587 -0.670753
 16.974400 -13.848627 -0.458324
 16.999200 -13.857595 -0.275198
 17.024000 -13.862626 -0.138505
 17.048800 -13.864883 -0.051893
 17.073600 -13.865607 -0.011422
 17.098400 -13.865741 -0.002737
 17.123200 -13.865828 -0.014810
 17.148000 -13.866330 -0.029018
 17.172800 -13.867258 -0.047010
 17.197600 -13.868709 -0.074228
 17.222400 -13.870962 -0.109739
 17.247200 -13.874170 -0.153547
 17.272000 -13.878443 -0.191845
 17.296800 -13.883412 -0.202356
 17.321600 -13.887999 -0.166872
 17.346400 -13.890911 -0.065068
 17.371200 -13.890548 0.103830
 17.396000 -13.885283 0.327093
 17.420800 -13.874038 0.582053
 17.445600 -13.856196 0.847267
 17.470400 -13.831915 1.105718
 17.495200 -13.801549 1.335445
 17.520000 -13.766025 1.515884
 17.544800 -13.726906 1.619071
 17.569600 -13.686499 1.614507
 17.594400 -13.647964 1.467175
 17.619200 -13.614962 1.148322
 17.644000 -13.591887 0.689727
 17.668800 -13.581572 0.141547
 17.693600 -13.584769 -0.388919
 17.718400 -13.599950 -0.805873
 17.743200 -13.623173 -1.053237
 17.768000 -13.650357 -1.113830
 17.792800 -13.677244 -1.046027
 17.817600 -13.701502 -0.904164
 17.842400 -13.722061 -0.763524
 17.867200 -13.739663 -0.672624
 17.892000 -13.755921 -0.660870
 17.916800 -13.772767 -0.709009
 17.941600 -13.791339 -0.788433
 17.966400 -13.811722 -0.848954
 17.991200 -13.832886 -0.843884
 18.016000 -13.852945 -0.755526
 18.040800 -13.869823 -0.592609
 18.065600 -13.881952 -0.382361
 18.090400 -13.888815 -0.173148
 18.115200 -13.891016 -0.016591
 18.140000 -13.890518 0.030965
 18.164800 -13.890569 -0.062185
 18.189600 -13.894974 -0.321071
 18.214400 -13.907607 -0.708293
 18.239200 -13.930598 -1.147428
 18.264000 -13.964011 -1.535199
 18.288800 -14.005490 -1.781148
 18.313600 -14.050830 -1.845521
 18.338400 -14.095566 -1.736800
 18.363200 -14.135924 -1.501157
 18.388000 -14.169395 -1.194630
 18.412800 -14.194934 -0.866091
 18.437600 -14.212450 -0.552623
 18.462400 -14.222591 -0.266567
 18.487200 -14.225990 -0.008681
 18.512000 -14.223178 0.235606
 18.536800 -14.214451 0.467455
 18.561600 -14.200235 0.669101
 18.586400 -14.181888 0.793948
 18.611200 -14.162112 0.772627
 18.636000 -14.145398 0.533304
 18.660800 -14.137753 0.040526
 18.685600 -14.145124 -0.654332
 18.710400 -14.170821 -1.409026
 18.735200 -14.213924 -2.038283
 18.760000 -14.269652 -2.408014
 18.784800 -14.330944 -2.484149
 18.809600 -14.390862 -2.308548
 18.834400 -14.444054 -1.960592
 18.859200 -14.487407 -1.532678
 18.884000 -14.520105 -1.112139
 18.908800 -14.543274 -0.776932
 18.933600 -14.559985 -0.590737
 18.958400 -14.574203 -0.587299
 18.983200 -14.590591 -0.757979
 19.008000 -14.612760 -1.039530
 19.032800 -14.642403 -1.342073
 19.057600 -14.678787 -1.575166
 19.082400 -14.719536 -1.691234
 19.107200 -14.761828 -1.699747
 19.132000 -14.803295 -1.639510
 19.156800 -14.842990 -1.562637
 19.181600 -14.881111 -1.510567
 19.206400 -14.918357 -1.490506
 19.231200 -14.955161 -1.475423
 19.256000 -14.991223 -1.427158
 19.280800 -15.025309 -1.309658
 19.305600 -15.055550 -1.117052
 19.330400 -15.080272 -0.870653
 19.355200 -15.098736 -0.619132
 19.380000 -15.111522 -0.420859
 19.404800 -15.120543 -0.324304
 19.429600 -15.128731 -0.355581
 19.454400 -15.139181 -0.501459
 19.479200 -15.154095 -0.708701
 19.504000 -15.174220 -0.906820
 19.528800 -15.198595 -1.045908
 19.553600 -15.225398 -1.103282
 19.578400 -15.252647 -1.088510
 19.603200 -15.278947 -1.026550
 19.628000 -15.303369 -0.939698
 19.652800 -15.325481 -0.838924
 19.677600 -15.344861 -0.717818
 19.702400 -15.360759 -0.565474
 19.727200 -15.372482 -0.373380
 19.752000 -15.379017 -0.152281
 19.776800 -15.379863 0.082547
 19.801600 -15.375192 0.289887
 19.826400 -15.366000 0.435858
 19.851200 -15.354695 0.461763
 19.876000 -15.344517 0.325655
 19.900800 -15.340134 -0.000213
 19.925600 -15.346540 -0.523355
 19.950400 -15.367348 -1.168975
 19.975200 -15.404872 -1.849309
 20.000000 -15.483071 -2.344744
