#! FIELDS xydist projection
#! SET min_xydist 0.0
#! SET max_xydist 12.0
#! SET nbins_xydist  301
#! SET periodic_xydist false
    0.000000000   15.468625344
    0.040000000   11.958365428
    0.080000000   10.349173624
    0.120000000   10.111929092
    0.160000000   10.386877334
    0.200000000   10.572969613
    0.240000000   10.521016326
    0.280000000   10.348039228
    0.320000000   10.189669778
    0.360000000   10.098945144
    0.400000000   10.076605779
    0.440000000   10.056845890
    0.480000000   10.018977954
    0.520000000    9.924353821
    0.560000000    9.771631392
    0.600000000    9.600165369
    0.640000000    9.467431053
    0.680000000    9.396954127
    0.720000000    9.365367006
    0.760000000    9.331109204
    0.800000000    9.274598555
    0.840000000    9.192614139
    0.880000000    9.100299629
    0.920000000    9.001965574
    0.960000000    8.898319638
    1.000000000    8.783364737
    1.040000000    8.660959135
    1.080000000    8.536256868
    1.120000000    8.416399870
    1.160000000    8.306680479
    1.200000000    8.206714675
    1.240000000    8.107535133
    1.280000000    7.995828784
    1.320000000    7.862358442
    1.360000000    7.708463470
    1.400000000    7.540212652
    1.440000000    7.366461918
    1.480000000    7.202405718
    1.520000000    7.057594419
    1.560000000    6.931348980
    1.600000000    6.820178774
    1.640000000    6.717476507
    1.680000000    6.615344649
    1.720000000    6.507361318
    1.760000000    6.380851518
    1.800000000    6.227063248
    1.840000000    6.047469208
    1.880000000    5.852375400
    1.920000000    5.659285857
    1.960000000    5.487120331
    2.000000000    5.358508180
    2.040000000    5.271779262
    2.080000000    5.189555589
    2.120000000    5.071201715
    2.160000000    4.891665225
    2.200000000    4.671337127
    2.240000000    4.452938450
    2.280000000    4.266851316
    2.320000000    4.112661713
    2.360000000    3.967293748
    2.400000000    3.811396334
    2.440000000    3.635766295
    2.480000000    3.453226123
    2.520000000    3.268965345
    2.560000000    3.091509144
    2.600000000    2.923587613
    2.640000000    2.764143408
    2.680000000    2.607139672
    2.720000000    2.447043920
    2.760000000    2.295672369
    2.800000000    2.171683622
    2.840000000    2.079406964
    2.880000000    1.984981622
    2.920000000    1.856863888
    2.960000000    1.680884870
    3.000000000    1.481810852
    3.040000000    1.294920498
    3.080000000    1.145571613
    3.120000000    1.030413073
    3.160000000    0.921086993
    3.200000000    0.791338965
    3.240000000    0.630102765
    3.280000000    0.456692258
    3.320000000    0.303397199
    3.360000000    0.190763480
    3.400000000    0.117509488
    3.440000000    0.068189506
    3.480000000    0.028084252
    3.520000000    0.000000000
    3.560000000    0.000483659
    3.600000000    0.048494477
    3.640000000    0.145373882
    3.680000000    0.286366014
    3.720000000    0.454472389
    3.760000000    0.647522296
    3.800000000    0.885097558
    3.840000000    1.185544724
    3.880000000    1.527781931
    3.920000000    1.854107211
    3.960000000    2.133304090
    4.000000000    2.392434385
    4.040000000    2.650586999
    4.080000000    2.876520321
    4.120000000    3.048597203
    4.160000000    3.189057517
    4.200000000    3.330821865
    4.240000000    3.481575740
    4.280000000    3.611696150
    4.320000000    3.710015949
    4.360000000    3.807129886
    4.400000000    3.951469397
    4.440000000    4.170458119
    4.480000000    4.441803893
    4.520000000    4.716878816
    4.560000000    4.977172182
    4.600000000    5.229217166
    4.640000000    5.484698353
    4.680000000    5.757974318
    4.720000000    6.066812908
    4.760000000    6.410858141
    4.800000000    6.770553715
    4.840000000    7.126098910
    4.880000000    7.495370520
    4.920000000    7.921694935
    4.960000000    8.396867930
    5.000000000    8.862449884
    5.040000000    9.286890704
    5.080000000    9.721692091
    5.120000000   10.227061994
    5.160000000   10.781726738
    5.200000000   11.310262468
    5.240000000   11.767197912
    5.280000000   12.154892386
    5.320000000   12.508730421
    5.360000000   12.864504808
    5.400000000   13.233215327
    5.440000000   13.599181143
    5.480000000   13.937765970
    5.520000000   14.260327760
    5.560000000   14.587893033
    5.600000000   14.912920527
    5.640000000   15.205216995
    5.680000000   15.442416755
    5.720000000   15.638964113
    5.760000000   15.813348606
    5.800000000   15.962229976
    5.840000000   16.087333430
    5.880000000   16.218512714
    5.920000000   16.376885720
    5.960000000   16.538169799
    6.000000000   16.658562853
    6.040000000   16.727295623
    6.080000000   16.782215165
    6.120000000   16.851548919
    6.160000000   16.931079036
    6.200000000   17.010465165
    6.240000000   17.100966913
    6.280000000   17.200098241
    6.320000000   17.295985647
    6.360000000   17.371088421
    6.400000000   17.408202077
    6.440000000   17.413292830
    6.480000000   17.416043084
    6.520000000   17.453871078
    6.560000000   17.538267271
    6.600000000   17.634985162
    6.640000000   17.692823663
    6.680000000   17.691573595
    6.720000000   17.667399991
    6.760000000   17.685246576
    6.800000000   17.770602354
    6.840000000   17.890144397
    6.880000000   17.985011111
    6.920000000   18.029190073
    6.960000000   18.049318277
    7.000000000   18.096298333
    7.040000000   18.182817045
    7.080000000   18.274768768
    7.120000000   18.332377734
    7.160000000   18.356336792
    7.200000000   18.378287881
    7.240000000   18.423991248
    7.280000000   18.488380034
    7.320000000   18.557359210
    7.360000000   18.629694504
    7.400000000   18.706515081
    7.440000000   18.789943165
    7.480000000   18.863803347
    7.520000000   18.905500238
    7.560000000   18.895996705
    7.600000000   18.847638587
    7.640000000   18.782614273
    7.680000000   18.720799390
    7.720000000   18.692088050
    7.760000000   18.719192933
    7.800000000   18.800791850
    7.840000000   18.909114612
    7.880000000   18.994506493
    7.920000000   19.021738242
    7.960000000   18.997321618
    8.000000000   18.969460024
    8.040000000   18.981249195
    8.080000000   19.025433509
    8.120000000   19.061470797
    8.160000000   19.049270115
    8.200000000   18.990772333
    8.240000000   18.914653216
    8.280000000   18.857503589
    8.320000000   18.818673827
    8.360000000   18.791063215
    8.400000000   18.787419014
    8.440000000   18.811281106
    8.480000000   18.852683966
    8.520000000   18.905775597
    8.560000000   18.949290995
    8.600000000   18.937708564
    8.640000000   18.853026467
    8.680000000   18.727973271
    8.720000000   18.623031491
    8.760000000   18.563869444
    8.800000000   18.542492710
    8.840000000   18.541309643
    8.880000000   18.556474311
    8.920000000   18.587923404
    8.960000000   18.627354478
    9.000000000   18.647684512
    9.040000000   18.638638456
    9.080000000   18.611215141
    9.120000000   18.586136151
    9.160000000   18.568740580
    9.200000000   18.552204724
    9.240000000   18.531253740
    9.280000000   18.517321253
    9.320000000   18.526669994
    9.360000000   18.564092640
    9.400000000   18.613013259
    9.440000000   18.650680015
    9.480000000   18.672598611
    9.520000000   18.688999856
    9.560000000   18.700871117
    9.600000000   18.691546591
    9.640000000   18.649298606
    9.680000000   18.590576381
    9.720000000   18.549531991
    9.760000000   18.546841698
    9.800000000   18.572777482
    9.840000000   18.603311654
    9.880000000   18.606120226
    9.920000000   18.566288059
    9.960000000   18.501230561
   10.000000000   18.446798469
   10.040000000   18.423676746
   10.080000000   18.421559798
   10.120000000   18.426020994
   10.160000000   18.429162848
   10.200000000   18.443513760
   10.240000000   18.483457209
   10.280000000   18.548657877
   10.320000000   18.604594540
   10.360000000   18.620183646
   10.400000000   18.601691149
   10.440000000   18.583133182
   10.480000000   18.574793203
   10.520000000   18.562665470
   10.560000000   18.548401611
   10.600000000   18.557414119
   10.640000000   18.608723573
   10.680000000   18.682092556
   10.720000000   18.738133885
   10.760000000   18.755798420
   10.800000000   18.740967068
   10.840000000   18.708624254
   10.880000000   18.645400832
   10.920000000   18.534112763
   10.960000000   18.385305739
   11.000000000   18.243291426
   11.040000000   18.153631390
   11.080000000   18.116063802
   11.120000000   18.078830913
   11.160000000   17.998786115
   11.200000000   17.891420713
   11.240000000   17.825403320
   11.280000000   17.855978445
   11.320000000   17.966494215
   11.360000000   18.079471616
   11.400000000   18.117006948
   11.440000000   18.058235161
   11.480000000   17.935482664
   11.520000000   17.816066668
   11.560000000   17.751047359
   11.600000000   17.746993848
   11.640000000   17.759103177
   11.680000000   17.732594976
   11.720000000   17.651372832
   11.760000000   17.548373692
   11.800000000   17.475522779
   11.840000000   17.453656771
   11.880000000   17.470218837
   11.920000000   17.486453069
   11.960000000   17.484304196
   12.000000000   17.469786798
