#! FIELDS xydist projection
#! SET min_xydist 0.0
#! SET max_xydist 12.0
#! SET nbins_xydist  301
#! SET periodic_xydist false
    0.000000000   13.553565896
    0.040000000    9.872879466
    0.080000000    8.326864112
    0.120000000    8.483906761
    0.160000000    9.337495597
    0.200000000   10.004281004
    0.240000000   10.147360043
    0.280000000    9.924217992
    0.320000000    9.657889939
    0.360000000    9.547927185
    0.400000000    9.587810759
    0.440000000    9.616792998
    0.480000000    9.557709836
    0.520000000    9.429559806
    0.560000000    9.308210214
    0.600000000    9.223684526
    0.640000000    9.133735216
    0.680000000    9.001604245
    0.720000000    8.846496328
    0.760000000    8.732419575
    0.800000000    8.686380665
    0.840000000    8.676929571
    0.880000000    8.652299902
    0.920000000    8.594505864
    0.960000000    8.534593016
    1.000000000    8.491983219
    1.040000000    8.437891909
    1.080000000    8.322906527
    1.120000000    8.131276175
    1.160000000    7.906854294
    1.200000000    7.716828781
    1.240000000    7.591136378
    1.280000000    7.501991251
    1.320000000    7.408757711
    1.360000000    7.293993399
    1.400000000    7.167646341
    1.440000000    7.033494413
    1.480000000    6.874700391
    1.520000000    6.683009425
    1.560000000    6.479863735
    1.600000000    6.306244028
    1.640000000    6.174181955
    1.680000000    6.065460776
    1.720000000    5.937985801
    1.760000000    5.780191356
    1.800000000    5.617347888
    1.840000000    5.486770467
    1.880000000    5.395067856
    1.920000000    5.294924775
    1.960000000    5.150774452
    2.000000000    4.962011952
    2.040000000    4.773317475
    2.080000000    4.623373655
    2.120000000    4.509214530
    2.160000000    4.397399432
    2.200000000    4.261167639
    2.240000000    4.088860870
    2.280000000    3.902564477
    2.320000000    3.742405450
    2.360000000    3.623882794
    2.400000000    3.528719488
    2.440000000    3.407913976
    2.480000000    3.241563524
    2.520000000    3.060064964
    2.560000000    2.909181005
    2.600000000    2.803529113
    2.640000000    2.700238373
    2.680000000    2.558157648
    2.720000000    2.364730899
    2.760000000    2.156075462
    2.800000000    1.979898115
    2.840000000    1.846290218
    2.880000000    1.728177678
    2.920000000    1.605844581
    2.960000000    1.487700573
    3.000000000    1.397454957
    3.040000000    1.325213695
    3.080000000    1.223933789
    3.120000000    1.060262633
    3.160000000    0.849996673
    3.200000000    0.647396780
    3.240000000    0.495725221
    3.280000000    0.393809686
    3.320000000    0.309271366
    3.360000000    0.215841608
    3.400000000    0.130688832
    3.440000000    0.076909733
    3.480000000    0.056236948
    3.520000000    0.044482705
    3.560000000    0.021241420
    3.600000000    0.000000000
    3.640000000    0.025405422
    3.680000000    0.130848484
    3.720000000    0.315399428
    3.760000000    0.554202772
    3.800000000    0.815026278
    3.840000000    1.079353699
    3.880000000    1.347974392
    3.920000000    1.623726835
    3.960000000    1.891779507
    4.000000000    2.116309711
    4.040000000    2.270258266
    4.080000000    2.376024942
    4.120000000    2.483735207
    4.160000000    2.620748263
    4.200000000    2.777279150
    4.240000000    2.917364148
    4.280000000    3.022426210
    4.320000000    3.105222291
    4.360000000    3.196981209
    4.400000000    3.317571343
    4.440000000    3.470568146
    4.480000000    3.647313726
    4.520000000    3.837893628
    4.560000000    4.037785453
    4.600000000    4.241638231
    4.640000000    4.462519783
    4.680000000    4.731874945
    4.720000000    5.052739633
    4.760000000    5.392943484
    4.800000000    5.715829091
    4.840000000    6.031731465
    4.880000000    6.396733504
    4.920000000    6.865705811
    4.960000000    7.409783720
    5.000000000    7.942948707
    5.040000000    8.403712521
    5.080000000    8.814082997
    5.120000000    9.217700350
    5.160000000    9.597749725
    5.200000000    9.932885856
    5.240000000   10.259755192
    5.280000000   10.611791131
    5.320000000   10.951134489
    5.360000000   11.226917884
    5.400000000   11.471976446
    5.440000000   11.750067510
    5.480000000   12.066340888
    5.520000000   12.349763250
    5.560000000   12.576201646
    5.600000000   12.817538042
    5.640000000   13.125923447
    5.680000000   13.459642936
    5.720000000   13.734730041
    5.760000000   13.927041940
    5.800000000   14.081021532
    5.840000000   14.235744764
    5.880000000   14.407553984
    5.920000000   14.589077434
    5.960000000   14.766054640
    6.000000000   14.941564372
    6.040000000   15.114759512
    6.080000000   15.268051237
    6.120000000   15.376188935
    6.160000000   15.450747688
    6.200000000   15.530857208
    6.240000000   15.641690524
    6.280000000   15.773651244
    6.320000000   15.897078557
    6.360000000   15.996828021
    6.400000000   16.089036798
    6.440000000   16.180820926
    6.480000000   16.260893624
    6.520000000   16.314902372
    6.560000000   16.344880640
    6.600000000   16.374252104
    6.640000000   16.418136715
    6.680000000   16.481361792
    6.720000000   16.557510597
    6.760000000   16.629298856
    6.800000000   16.676954282
    6.840000000   16.701835395
    6.880000000   16.716113919
    6.920000000   16.727091434
    6.960000000   16.726629955
    7.000000000   16.711011229
    7.040000000   16.685933892
    7.080000000   16.658138127
    7.120000000   16.633937124
    7.160000000   16.613121885
    7.200000000   16.593630915
    7.240000000   16.571203498
    7.280000000   16.539704527
    7.320000000   16.491147141
    7.360000000   16.429076725
    7.400000000   16.374386058
    7.440000000   16.352333659
    7.480000000   16.360400775
    7.520000000   16.373934972
    7.560000000   16.373895411
    7.600000000   16.371152070
    7.640000000   16.383303960
    7.680000000   16.398308270
    7.720000000   16.377144786
    7.760000000   16.305203561
    7.800000000   16.213409078
    7.840000000   16.143887985
    7.880000000   16.112090461
    7.920000000   16.093897681
    7.960000000   16.059388487
    8.000000000   16.011958945
    8.040000000   15.978058402
    8.080000000   15.969568926
    8.120000000   15.973244473
    8.160000000   15.966586788
    8.200000000   15.938489130
    8.240000000   15.898856980
    8.280000000   15.860760129
    8.320000000   15.825293048
    8.360000000   15.785786756
    8.400000000   15.762054423
    8.440000000   15.778104364
    8.480000000   15.839570918
    8.520000000   15.916173795
    8.560000000   15.960441114
    8.600000000   15.945067723
    8.640000000   15.893910234
    8.680000000   15.848312964
    8.720000000   15.818937247
    8.760000000   15.787328650
    8.800000000   15.736145955
    8.840000000   15.677966708
    8.880000000   15.646566311
    8.920000000   15.660465072
    8.960000000   15.696554022
    9.000000000   15.716138512
    9.040000000   15.710155461
    9.080000000   15.683211992
    9.120000000   15.643296432
    9.160000000   15.599186123
    9.200000000   15.564477333
    9.240000000   15.542997552
    9.280000000   15.525584729
    9.320000000   15.493243544
    9.360000000   15.433093534
    9.400000000   15.349764447
    9.440000000   15.259356395
    9.480000000   15.181012147
    9.520000000   15.126777825
    9.560000000   15.108594400
    9.600000000   15.131754258
    9.640000000   15.185709741
    9.680000000   15.244826360
    9.720000000   15.277775174
    9.760000000   15.263038304
    9.800000000   15.211276379
    9.840000000   15.153827930
    9.880000000   15.115337315
    9.920000000   15.091908936
    9.960000000   15.074216154
   10.000000000   15.059898173
   10.040000000   15.056420665
   10.080000000   15.060773179
   10.120000000   15.057682269
   10.160000000   15.033865560
   10.200000000   14.985214525
   10.240000000   14.933942717
   10.280000000   14.908090877
   10.320000000   14.920987750
   10.360000000   14.958476737
   10.400000000   14.988589618
   10.440000000   14.972695082
   10.480000000   14.902476470
   10.520000000   14.798041484
   10.560000000   14.701841587
   10.600000000   14.638017975
   10.640000000   14.615775091
   10.680000000   14.626637104
   10.720000000   14.646913745
   10.760000000   14.652985854
   10.800000000   14.641766049
   10.840000000   14.611847211
   10.880000000   14.550397352
   10.920000000   14.460973054
   10.960000000   14.375330046
   11.000000000   14.331070248
   11.040000000   14.337425350
   11.080000000   14.368633245
   11.120000000   14.371484389
   11.160000000   14.328525534
   11.200000000   14.267855232
   11.240000000   14.234580958
   11.280000000   14.232288808
   11.320000000   14.230542281
   11.360000000   14.205083712
   11.400000000   14.166728280
   11.440000000   14.133441687
   11.480000000   14.112528698
   11.520000000   14.083807561
   11.560000000   14.041135709
   11.600000000   14.004259050
   11.640000000   13.997138570
   11.680000000   14.009293977
   11.720000000   13.998891141
   11.760000000   13.940894228
   11.800000000   13.855466107
   11.840000000   13.793048445
   11.880000000   13.768747465
   11.920000000   13.763952148
   11.960000000   13.735120309
   12.000000000   13.664976918
