#! FIELDS xydist projection
#! SET min_xydist 0.0
#! SET max_xydist 12.0
#! SET nbins_xydist  301
#! SET periodic_xydist false
    0.000000000   13.804172349
    0.040000000    9.897771819
    0.080000000    8.257412346
    0.120000000    8.355430226
    0.160000000    9.096925194
    0.200000000    9.604810968
    0.240000000    9.624412607
    0.280000000    9.368975169
    0.320000000    9.133150790
    0.360000000    9.045945219
    0.400000000    9.069798880
    0.440000000    9.063617404
    0.480000000    8.985868899
    0.520000000    8.857761326
    0.560000000    8.740356857
    0.600000000    8.664570285
    0.640000000    8.620020928
    0.680000000    8.589687065
    0.720000000    8.573169414
    0.760000000    8.572763283
    0.800000000    8.571260566
    0.840000000    8.537429377
    0.880000000    8.464993353
    0.920000000    8.369851963
    0.960000000    8.281368396
    1.000000000    8.194999678
    1.040000000    8.092845548
    1.080000000    7.965081612
    1.120000000    7.831616601
    1.160000000    7.725998159
    1.200000000    7.651354317
    1.240000000    7.575743176
    1.280000000    7.466988031
    1.320000000    7.322046307
    1.360000000    7.172108706
    1.400000000    7.052237353
    1.440000000    6.963237230
    1.480000000    6.875910261
    1.520000000    6.766368496
    1.560000000    6.630835740
    1.600000000    6.486707794
    1.640000000    6.351293341
    1.680000000    6.212455126
    1.720000000    6.036476186
    1.760000000    5.830374771
    1.800000000    5.631604082
    1.840000000    5.492695638
    1.880000000    5.407089031
    1.920000000    5.319571631
    1.960000000    5.176999610
    2.000000000    4.982543506
    2.040000000    4.792095807
    2.080000000    4.653401353
    2.120000000    4.558631499
    2.160000000    4.438680441
    2.200000000    4.248499163
    2.240000000    3.994711136
    2.280000000    3.741691194
    2.320000000    3.546741205
    2.360000000    3.412615126
    2.400000000    3.293644836
    2.440000000    3.155930146
    2.480000000    3.007698238
    2.520000000    2.879196403
    2.560000000    2.778936778
    2.600000000    2.672139550
    2.640000000    2.533944693
    2.680000000    2.377327777
    2.720000000    2.242882481
    2.760000000    2.137334047
    2.800000000    2.044597928
    2.840000000    1.943677275
    2.880000000    1.830161314
    2.920000000    1.711304977
    2.960000000    1.586811357
    3.000000000    1.455396849
    3.040000000    1.308966756
    3.080000000    1.143458607
    3.120000000    0.977335067
    3.160000000    0.844958062
    3.200000000    0.753532637
    3.240000000    0.679916841
    3.280000000    0.585753767
    3.320000000    0.457531799
    3.360000000    0.317563627
    3.400000000    0.204758976
    3.440000000    0.132046198
    3.480000000    0.080342016
    3.520000000    0.032342624
    3.560000000    0.000000000
    3.600000000    0.022788668
    3.640000000    0.125209694
    3.680000000    0.288263752
    3.720000000    0.468533023
    3.760000000    0.648467282
    3.800000000    0.862032002
    3.840000000    1.156905671
    3.880000000    1.540463189
    3.920000000    1.965421620
    3.960000000    2.355169274
    4.000000000    2.653864163
    4.040000000    2.854525360
    4.080000000    2.984881545
    4.120000000    3.097650103
    4.160000000    3.236466384
    4.200000000    3.409166189
    4.240000000    3.586326427
    4.280000000    3.731697645
    4.320000000    3.845174723
    4.360000000    3.965471913
    4.400000000    4.133244727
    4.440000000    4.348484857
    4.480000000    4.584101890
    4.520000000    4.815445672
    4.560000000    5.038808400
    4.600000000    5.270631400
    4.640000000    5.524884550
    4.680000000    5.819179696
    4.720000000    6.171308195
    4.760000000    6.590590071
    4.800000000    7.061256405
    4.840000000    7.554588125
    4.880000000    8.031606508
    4.920000000    8.486738792
    4.960000000    8.950621608
    5.000000000    9.449017004
    5.040000000    9.967588287
    5.080000000   10.447057996
    5.120000000   10.858581301
    5.160000000   11.258514805
    5.200000000   11.699390869
    5.240000000   12.161223338
    5.280000000   12.578790276
    5.320000000   12.916151791
    5.360000000   13.212016862
    5.400000000   13.530422899
    5.440000000   13.916923437
    5.480000000   14.355846464
    5.520000000   14.766747287
    5.560000000   15.096474773
    5.600000000   15.376620631
    5.640000000   15.657265234
    5.680000000   15.942292225
    5.720000000   16.198139943
    5.760000000   16.405303728
    5.800000000   16.573215939
    5.840000000   16.737000442
    5.880000000   16.906597901
    5.920000000   17.061116669
    5.960000000   17.179404545
    6.000000000   17.268936885
    6.040000000   17.358173928
    6.080000000   17.475533603
    6.120000000   17.632247759
    6.160000000   17.799221307
    6.200000000   17.914972041
    6.240000000   17.951377129
    6.280000000   17.937440983
    6.320000000   17.919924792
    6.360000000   17.914084072
    6.400000000   17.905421989
    6.440000000   17.875576600
    6.480000000   17.825203386
    6.520000000   17.783626987
    6.560000000   17.782161812
    6.600000000   17.834298390
    6.640000000   17.923996409
    6.680000000   18.016537077
    6.720000000   18.082381210
    6.760000000   18.123833962
    6.800000000   18.157117740
    6.840000000   18.182594953
    6.880000000   18.189495361
    6.920000000   18.164846624
    6.960000000   18.115125818
    7.000000000   18.052308074
    7.040000000   17.999712568
    7.080000000   17.980636360
    7.120000000   18.010613422
    7.160000000   18.081112026
    7.200000000   18.163556208
    7.240000000   18.223543256
    7.280000000   18.237854061
    7.320000000   18.214069561
    7.360000000   18.190598374
    7.400000000   18.202469959
    7.440000000   18.250434370
    7.480000000   18.308827970
    7.520000000   18.355471630
    7.560000000   18.387397620
    7.600000000   18.417635997
    7.640000000   18.453788874
    7.680000000   18.506057164
    7.720000000   18.576094622
    7.760000000   18.648689672
    7.800000000   18.691092223
    7.840000000   18.686959431
    7.880000000   18.646083664
    7.920000000   18.593377196
    7.960000000   18.543458027
    8.000000000   18.504681281
    8.040000000   18.477912994
    8.080000000   18.462772679
    8.120000000   18.470376660
    8.160000000   18.520923586
    8.200000000   18.601997349
    8.240000000   18.670720762
    8.280000000   18.682307471
    8.320000000   18.638711665
    8.360000000   18.577799317
    8.400000000   18.539127159
    8.440000000   18.530125010
    8.480000000   18.529822314
    8.520000000   18.512894911
    8.560000000   18.465866305
    8.600000000   18.399896064
    8.640000000   18.345050799
    8.680000000   18.321210586
    8.720000000   18.333710734
    8.760000000   18.366227099
    8.800000000   18.399271768
    8.840000000   18.414059189
    8.880000000   18.396773107
    8.920000000   18.349948775
    8.960000000   18.299467828
    9.000000000   18.273502412
    9.040000000   18.272896930
    9.080000000   18.271053315
    9.120000000   18.241653091
    9.160000000   18.193294844
    9.200000000   18.167725351
    9.240000000   18.193669342
    9.280000000   18.244785812
    9.320000000   18.269910342
    9.360000000   18.244101109
    9.400000000   18.194929903
    9.440000000   18.170139073
    9.480000000   18.194231607
    9.520000000   18.242762739
    9.560000000   18.273952888
    9.600000000   18.261220058
    9.640000000   18.216232281
    9.680000000   18.174776031
    9.720000000   18.163561488
    9.760000000   18.179677337
    9.800000000   18.201011879
    9.840000000   18.196561711
    9.880000000   18.153783402
    9.920000000   18.083935575
    9.960000000   18.017567222
   10.000000000   17.983705220
   10.040000000   17.996373262
   10.080000000   18.037557276
   10.120000000   18.067448954
   10.160000000   18.063493843
   10.200000000   18.037538311
   10.240000000   18.011055171
   10.280000000   17.996644046
   10.320000000   18.001837042
   10.360000000   18.029798676
   10.400000000   18.072164820
   10.440000000   18.101411357
   10.480000000   18.077603161
   10.520000000   17.985634461
   10.560000000   17.857076545
   10.600000000   17.743613268
   10.640000000   17.666001134
   10.680000000   17.598840440
   10.720000000   17.516692140
   10.760000000   17.434736145
   10.800000000   17.389080651
   10.840000000   17.399856299
   10.880000000   17.438241457
   10.920000000   17.454259248
   10.960000000   17.412343546
   11.000000000   17.321205956
   11.040000000   17.212871831
   11.080000000   17.127983827
   11.120000000   17.092576266
   11.160000000   17.101687832
   11.200000000   17.128583598
   11.240000000   17.126478871
   11.280000000   17.087496616
   11.320000000   17.048889356
   11.360000000   17.064763238
   11.400000000   17.143827571
   11.440000000   17.236786360
   11.480000000   17.280249025
   11.520000000   17.247811116
   11.560000000   17.164210064
   11.600000000   17.084087921
   11.640000000   17.060918496
   11.680000000   17.105401646
   11.720000000   17.175540096
   11.760000000   17.219816968
   11.800000000   17.207330990
   11.840000000   17.138279978
   11.880000000   17.042554581
   11.920000000   16.955093662
   11.960000000   16.894246086
   12.000000000   16.866681440
