#! FIELDS distance.z projection
#! SET min_distance.z 7.6
#! SET max_distance.z 21.0
#! SET nbins_distance.z  301
#! SET periodic_distance.z false
    7.600000000   20.253760890
    7.644666667   17.675893709
    7.689333333   15.077958248
    7.734000000   12.535553295
    7.778666667   10.122494932
    7.823333333    7.904046219
    7.868000000    5.932094603
    7.912666667    4.243677979
    7.957333333    2.855974495
    8.002000000    1.769989527
    8.046666667    0.972163914
    8.091333333    0.435522662
    8.136000000    0.124940538
    8.180666667    0.000000000
    8.225333333    0.020315743
    8.270000000    0.146539654
    8.314666667    0.342166967
    8.359333333    0.575526691
    8.404000000    0.819937517
    8.448666667    1.057143644
    8.493333333    1.276131021
    8.538000000    1.473449435
    8.582666667    1.651561833
    8.627333333    1.815514146
    8.672000000    1.973123964
    8.716666667    2.129073301
    8.761333333    2.288364327
    8.806000000    2.451030218
    8.850666667    2.613097843
    8.895333333    2.770262545
    8.940000000    2.915382268
    8.984666667    3.044494179
    9.029333333    3.158931325
    9.074000000    3.265756492
    9.118666667    3.372594921
    9.163333333    3.485718958
    9.208000000    3.610189788
    9.252666667    3.747530730
    9.297333333    3.897002091
    9.342000000    4.057228676
    9.386666667    4.227837582
    9.431333333    4.407347899
    9.476000000    4.592888749
    9.520666667    4.783345161
    9.565333333    4.974056569
    9.610000000    5.164277353
    9.654666667    5.354357316
    9.699333333    5.546170686
    9.744000000    5.741253991
    9.788666667    5.942426057
    9.833333333    6.153010069
    9.878000000    6.372758689
    9.922666667    6.601951889
    9.967333333    6.837106728
   10.012000000    7.075075292
   10.056666667    7.312837126
   10.101333333    7.547309605
   10.146000000    7.777329086
   10.190666667    8.002152668
   10.235333333    8.221082157
   10.280000000    8.435878275
   10.324666667    8.648277944
   10.369333333    8.858681440
   10.414000000    9.071124781
   10.458666667    9.284326566
   10.503333333    9.500436844
   10.548000000    9.720427297
   10.592666667    9.945397072
   10.637333333   10.170852870
   10.682000000   10.398255654
   10.726666667   10.624054125
   10.771333333   10.845455740
   10.816000000   11.061372349
   10.860666667   11.269060486
   10.905333333   11.468596983
   10.950000000   11.659208020
   10.994666667   11.843499779
   11.039333333   12.020797038
   11.084000000   12.195772989
   11.128666667   12.365511892
   11.173333333   12.533439052
   11.218000000   12.698850159
   11.262666667   12.860926395
   11.307333333   13.020104826
   11.352000000   13.174585174
   11.396666667   13.323225115
   11.441333333   13.464822236
   11.486000000   13.597311369
   11.530666667   13.721349656
   11.575333333   13.835434228
   11.620000000   13.940116600
   11.664666667   14.038160627
   11.709333333   14.130654120
   11.754000000   14.218798351
   11.798666667   14.306901429
   11.843333333   14.395632846
   11.888000000   14.486775765
   11.932666667   14.581249195
   11.977333333   14.680752303
   12.022000000   14.784904934
   12.066666667   14.893201453
   12.111333333   15.007733924
   12.156000000   15.127206528
   12.200666667   15.252757785
   12.245333333   15.383358059
   12.290000000   15.517251666
   12.334666667   15.653854674
   12.379333333   15.790912394
   12.424000000   15.927337721
   12.468666667   16.060117535
   12.513333333   16.188142198
   12.558000000   16.310838190
   12.602666667   16.426545927
   12.647333333   16.536413017
   12.692000000   16.638991310
   12.736666667   16.735615012
   12.781333333   16.827168062
   12.826000000   16.914075393
   12.870666667   16.996729478
   12.915333333   17.077777332
   12.960000000   17.157618015
   13.004666667   17.236770653
   13.049333333   17.315859652
   13.094000000   17.392517842
   13.138666667   17.466296544
   13.183333333   17.534708716
   13.228000000   17.594283824
   13.272666667   17.643176762
   13.317333333   17.682474102
   13.362000000   17.713214538
   13.406666667   17.736946650
   13.451333333   17.756159337
   13.496000000   17.772342685
   13.540666667   17.786584729
   13.585333333   17.799416906
   13.630000000   17.814062946
   13.674666667   17.829212304
   13.719333333   17.847148246
   13.764000000   17.867498982
   13.808666667   17.890154288
   13.853333333   17.917013483
   13.898000000   17.946823391
   13.942666667   17.978936804
   13.987333333   18.012824552
   14.032000000   18.048344283
   14.076666667   18.083202442
   14.121333333   18.116929368
   14.166000000   18.148081939
   14.210666667   18.176610159
   14.255333333   18.202650933
   14.300000000   18.226518800
   14.344666667   18.250259591
   14.389333333   18.274384163
   14.434000000   18.300964723
   14.478666667   18.331042788
   14.523333333   18.364309837
   14.568000000   18.402055623
   14.612666667   18.440019537
   14.657333333   18.476557342
   14.702000000   18.507991598
   14.746666667   18.530130802
   14.791333333   18.539317880
   14.836000000   18.534382913
   14.880666667   18.514719284
   14.925333333   18.481418269
   14.970000000   18.438074452
   15.014666667   18.389448189
   15.059333333   18.338731725
   15.104000000   18.287337245
   15.148666667   18.235364378
   15.193333333   18.182513514
   15.238000000   18.127327373
   15.282666667   18.070338241
   15.327333333   18.009518581
   15.372000000   17.943991831
   15.416666667   17.872638791
   15.461333333   17.795177939
   15.506000000   17.713208435
   15.550666667   17.626415107
   15.595333333   17.532370915
   15.640000000   17.428798111
   15.684666667   17.318078879
   15.729333333   17.204428262
   15.774000000   17.091183549
   15.818666667   16.976049062
   15.863333333   16.852677577
   15.908000000   16.716241914
   15.952666667   16.567453372
   15.997333333   16.414084466
   16.042000000   16.266497252
   16.086666667   16.135344737
   16.131333333   16.031000382
   16.176000000   15.961850741
   16.220666667   15.932216612
   16.265333333   15.941754343
   16.310000000   15.986444178
   16.354666667   16.060490481
   16.399333333   16.157047599
   16.444000000   16.269807043
   16.488666667   16.394092852
   16.533333333   16.525362904
   16.578000000   16.661572320
   16.622666667   16.801076078
   16.667333333   16.942949165
   16.712000000   17.087433103
   16.756666667   17.234838592
   16.801333333   17.384744328
   16.846000000   17.537642308
   16.890666667   17.692833179
   16.935333333   17.848787990
   16.980000000   18.005582503
   17.024666667   18.160363187
   17.069333333   18.311735960
   17.114000000   18.458930499
   17.158666667   18.601789359
   17.203333333   18.739100652
   17.248000000   18.872202022
   17.292666667   19.002100984
   17.337333333   19.127431474
   17.382000000   19.248460001
   17.426666667   19.365121143
   17.471333333   19.475837693
   17.516000000   19.579775642
   17.560666667   19.677247866
   17.605333333   19.766977818
   17.650000000   19.849065144
   17.694666667   19.923735980
   17.739333333   19.991382294
   17.784000000   20.052519700
   17.828666667   20.108536664
   17.873333333   20.159325067
   17.918000000   20.206692850
   17.962666667   20.249080064
   18.007333333   20.287782205
   18.052000000   20.322798001
   18.096666667   20.354069806
   18.141333333   20.381838169
   18.186000000   20.406018586
   18.230666667   20.427388640
   18.275333333   20.445871380
   18.320000000   20.461262426
   18.364666667   20.473994459
   18.409333333   20.483551176
   18.454000000   20.489182398
   18.498666667   20.490613338
   18.543333333   20.487189490
   18.588000000   20.479334035
   18.632666667   20.466995115
   18.677333333   20.450162026
   18.722000000   20.429384196
   18.766666667   20.404343015
   18.811333333   20.375523315
   18.856000000   20.342643377
   18.900666667   20.305897905
   18.945333333   20.264742420
   18.990000000   20.219768676
   19.034666667   20.171286690
   19.079333333   20.119810145
   19.124000000   20.066306009
   19.168666667   20.012164430
   19.213333333   19.958465043
   19.258000000   19.905944950
   19.302666667   19.855447179
   19.347333333   19.807019923
   19.392000000   19.760799546
   19.436666667   19.716520465
   19.481333333   19.674227611
   19.526000000   19.633866871
   19.570666667   19.595275758
   19.615333333   19.558891959
   19.660000000   19.525543805
   19.704666667   19.495951464
   19.749333333   19.470254398
   19.794000000   19.448996972
   19.838666667   19.432265550
   19.883333333   19.420288317
   19.928000000   19.412616236
   19.972666667   19.408493715
   20.017333333   19.407047248
   20.062000000   19.406952550
   20.106666667   19.407303567
   20.151333333   19.407165214
   20.196000000   19.404994630
   20.240666667   19.400324329
   20.285333333   19.393614503
   20.330000000   19.384993481
   20.374666667   19.376140156
   20.419333333   19.368450288
   20.464000000   19.365059416
   20.508666667   19.367792525
   20.553333333   19.377150808
   20.598000000   19.393072527
   20.642666667   19.413292307
   20.687333333   19.433891383
   20.732000000   19.449210471
   20.776666667   19.451873619
   20.821333333   19.435221431
   20.866000000   19.393128082
   20.910666667   19.322382319
   20.955333333   19.223434378
   21.000000000   19.101187499
