#! FIELDS xydist projection
#! SET min_xydist 0.0
#! SET max_xydist 12.0
#! SET nbins_xydist  301
#! SET periodic_xydist false
    0.000000000   13.274018418
    0.040000000    9.851269116
    0.080000000    8.405634621
    0.120000000    8.447712669
    0.160000000    9.039784759
    0.200000000    9.460135420
    0.240000000    9.508822557
    0.280000000    9.345404355
    0.320000000    9.170506279
    0.360000000    9.058209543
    0.400000000    8.991913972
    0.440000000    8.920098994
    0.480000000    8.851397577
    0.520000000    8.794867429
    0.560000000    8.729139573
    0.600000000    8.630065610
    0.640000000    8.506095290
    0.680000000    8.413790385
    0.720000000    8.383976296
    0.760000000    8.393288933
    0.800000000    8.384231185
    0.840000000    8.311791168
    0.880000000    8.184524597
    0.920000000    8.040746345
    0.960000000    7.921062476
    1.000000000    7.825252959
    1.040000000    7.721887548
    1.080000000    7.581126361
    1.120000000    7.417714256
    1.160000000    7.272107120
    1.200000000    7.172736980
    1.240000000    7.091503135
    1.280000000    6.986274692
    1.320000000    6.842061207
    1.360000000    6.676844864
    1.400000000    6.516662039
    1.440000000    6.360918751
    1.480000000    6.221938097
    1.520000000    6.119263739
    1.560000000    6.064472260
    1.600000000    6.017367439
    1.640000000    5.917636987
    1.680000000    5.735490482
    1.720000000    5.510012861
    1.760000000    5.300711567
    1.800000000    5.140574781
    1.840000000    5.008357052
    1.880000000    4.862180915
    1.920000000    4.696734925
    1.960000000    4.535638125
    2.000000000    4.397415059
    2.040000000    4.270445415
    2.080000000    4.140112874
    2.120000000    4.002119427
    2.160000000    3.863539283
    2.200000000    3.717572569
    2.240000000    3.544977439
    2.280000000    3.347984866
    2.320000000    3.151034114
    2.360000000    2.975650904
    2.400000000    2.816481364
    2.440000000    2.647740775
    2.480000000    2.456579964
    2.520000000    2.267215097
    2.560000000    2.100409750
    2.600000000    1.967227200
    2.640000000    1.858081382
    2.680000000    1.764824399
    2.720000000    1.682187316
    2.760000000    1.599080059
    2.800000000    1.512826322
    2.840000000    1.407952402
    2.880000000    1.269687894
    2.920000000    1.097472656
    2.960000000    0.927326190
    3.000000000    0.803712174
    3.040000000    0.732201562
    3.080000000    0.674368398
    3.120000000    0.582595407
    3.160000000    0.450017693
    3.200000000    0.312513754
    3.240000000    0.209234848
    3.280000000    0.151373605
    3.320000000    0.126015356
    3.360000000    0.122023795
    3.400000000    0.126379626
    3.440000000    0.124387608
    3.480000000    0.100422655
    3.520000000    0.057196339
    3.560000000    0.016190916
    3.600000000    0.000000000
    3.640000000    0.024147640
    3.680000000    0.085660645
    3.720000000    0.178115697
    3.760000000    0.308888704
    3.800000000    0.486114319
    3.840000000    0.714317795
    3.880000000    0.968933104
    3.920000000    1.208176421
    3.960000000    1.408204661
    4.000000000    1.558482240
    4.040000000    1.652382071
    4.080000000    1.703094881
    4.120000000    1.749413319
    4.160000000    1.831293997
    4.200000000    1.951127943
    4.240000000    2.077475391
    4.280000000    2.174776950
    4.320000000    2.248762150
    4.360000000    2.336325480
    4.400000000    2.456627199
    4.440000000    2.603826571
    4.480000000    2.760069706
    4.520000000    2.923022392
    4.560000000    3.108639939
    4.600000000    3.334158619
    4.640000000    3.592512265
    4.680000000    3.861340864
    4.720000000    4.134012449
    4.760000000    4.432448785
    4.800000000    4.788818989
    4.840000000    5.194215739
    4.880000000    5.605665277
    4.920000000    6.001370116
    4.960000000    6.411177169
    5.000000000    6.860965197
    5.040000000    7.311681728
    5.080000000    7.698089245
    5.120000000    8.031204760
    5.160000000    8.393018725
    5.200000000    8.854263091
    5.240000000    9.385722162
    5.280000000    9.863905460
    5.320000000   10.222938456
    5.360000000   10.519491894
    5.400000000   10.838598795
    5.440000000   11.190625755
    5.480000000   11.522586533
    5.520000000   11.795179829
    5.560000000   12.028322731
    5.600000000   12.254853301
    5.640000000   12.490125057
    5.680000000   12.731177784
    5.720000000   12.973430554
    5.760000000   13.211782254
    5.800000000   13.445085457
    5.840000000   13.661787646
    5.880000000   13.845250475
    5.920000000   13.985474294
    5.960000000   14.077476157
    6.000000000   14.129785257
    6.040000000   14.175716681
    6.080000000   14.242330674
    6.120000000   14.307945692
    6.160000000   14.332674862
    6.200000000   14.310904068
    6.240000000   14.282581758
    6.280000000   14.280236121
    6.320000000   14.300980095
    6.360000000   14.321885350
    6.400000000   14.342548979
    6.440000000   14.371960518
    6.480000000   14.409912504
    6.520000000   14.433719520
    6.560000000   14.414773514
    6.600000000   14.351656784
    6.640000000   14.270134733
    6.680000000   14.207227719
    6.720000000   14.182179668
    6.760000000   14.184306857
    6.800000000   14.192975980
    6.840000000   14.194965391
    6.880000000   14.188477381
    6.920000000   14.189739804
    6.960000000   14.215439927
    7.000000000   14.269090449
    7.040000000   14.332490682
    7.080000000   14.382801086
    7.120000000   14.407813869
    7.160000000   14.410166154
    7.200000000   14.407529202
    7.240000000   14.422816437
    7.280000000   14.460399526
    7.320000000   14.494699593
    7.360000000   14.497662153
    7.400000000   14.470317744
    7.440000000   14.436190638
    7.480000000   14.419597274
    7.520000000   14.431677540
    7.560000000   14.453181646
    7.600000000   14.465626475
    7.640000000   14.469884470
    7.680000000   14.488097687
    7.720000000   14.536948752
    7.760000000   14.603097032
    7.800000000   14.660592157
    7.840000000   14.694379397
    7.880000000   14.704018843
    7.920000000   14.693170312
    7.960000000   14.659276694
    8.000000000   14.599943550
    8.040000000   14.527291675
    8.080000000   14.473457442
    8.120000000   14.476511425
    8.160000000   14.536040663
    8.200000000   14.623596609
    8.240000000   14.707144926
    8.280000000   14.759578425
    8.320000000   14.764863182
    8.360000000   14.731583426
    8.400000000   14.691508168
    8.440000000   14.670667513
    8.480000000   14.670326674
    8.520000000   14.682688093
    8.560000000   14.710467787
    8.600000000   14.754016393
    8.640000000   14.797598747
    8.680000000   14.816557849
    8.720000000   14.796721955
    8.760000000   14.747753271
    8.800000000   14.691169055
    8.840000000   14.643120214
    8.880000000   14.606255622
    8.920000000   14.582723241
    8.960000000   14.581960360
    9.000000000   14.598654973
    9.040000000   14.611716469
    9.080000000   14.603301682
    9.120000000   14.583972272
    9.160000000   14.579984115
    9.200000000   14.610508287
    9.240000000   14.655261910
    9.280000000   14.674720424
    9.320000000   14.635465812
    9.360000000   14.526939547
    9.400000000   14.382491825
    9.440000000   14.262929542
    9.480000000   14.221639097
    9.520000000   14.261307296
    9.560000000   14.327987575
    9.600000000   14.350394908
    9.640000000   14.310335457
    9.680000000   14.241404981
    9.720000000   14.195438881
    9.760000000   14.196294205
    9.800000000   14.197890266
    9.840000000   14.147307288
    9.880000000   14.035455126
    9.920000000   13.917529634
    9.960000000   13.853564437
   10.000000000   13.847754319
   10.040000000   13.850227531
   10.080000000   13.805842970
   10.120000000   13.690822314
   10.160000000   13.542123779
   10.200000000   13.434523989
   10.240000000   13.404045211
   10.280000000   13.427032624
   10.320000000   13.450167979
   10.360000000   13.439406007
   10.400000000   13.390540225
   10.440000000   13.317882896
   10.480000000   13.257773308
   10.520000000   13.230446743
   10.560000000   13.230350722
   10.600000000   13.231712239
   10.640000000   13.212766065
   10.680000000   13.159034620
   10.720000000   13.081087676
   10.760000000   13.001435926
   10.800000000   12.939458025
   10.840000000   12.893097860
   10.880000000   12.849496692
   10.920000000   12.799510314
   10.960000000   12.763761890
   11.000000000   12.763982226
   11.040000000   12.805448347
   11.080000000   12.866322835
   11.120000000   12.911009651
   11.160000000   12.917164473
   11.200000000   12.878494472
   11.240000000   12.801453508
   11.280000000   12.713603149
   11.320000000   12.643721370
   11.360000000   12.606776014
   11.400000000   12.592596368
   11.440000000   12.588674427
   11.480000000   12.600499188
   11.520000000   12.639027320
   11.560000000   12.690793719
   11.600000000   12.696148806
   11.640000000   12.604904337
   11.680000000   12.436893534
   11.720000000   12.282221577
   11.760000000   12.232369577
   11.800000000   12.298024880
   11.840000000   12.404551935
   11.880000000   12.466525339
   11.920000000   12.466701965
   11.960000000   12.449898851
   12.000000000   12.475817574
