#! FIELDS xydist projection
#! SET min_xydist 0.0
#! SET max_xydist 12.0
#! SET nbins_xydist  301
#! SET periodic_xydist false
    0.000000000   14.227661285
    0.040000000   10.673710106
    0.080000000    9.139427047
    0.120000000    9.119601914
    0.160000000    9.646609264
    0.200000000    9.987498816
    0.240000000    9.962430477
    0.280000000    9.772495700
    0.320000000    9.646036652
    0.360000000    9.644057235
    0.400000000    9.706169939
    0.440000000    9.724159554
    0.480000000    9.686366172
    0.520000000    9.600668622
    0.560000000    9.476338409
    0.600000000    9.327280351
    0.640000000    9.179728511
    0.680000000    9.056951156
    0.720000000    8.970972585
    0.760000000    8.907550307
    0.800000000    8.855061256
    0.840000000    8.808263374
    0.880000000    8.766229960
    0.920000000    8.720041025
    0.960000000    8.657315900
    1.000000000    8.572947386
    1.040000000    8.470372543
    1.080000000    8.361003194
    1.120000000    8.256684914
    1.160000000    8.162259218
    1.200000000    8.075113717
    1.240000000    7.983171977
    1.280000000    7.875855217
    1.320000000    7.753062415
    1.360000000    7.621311820
    1.400000000    7.493418363
    1.440000000    7.392159536
    1.480000000    7.312703190
    1.520000000    7.230510844
    1.560000000    7.114804045
    1.600000000    6.964746441
    1.640000000    6.808103191
    1.680000000    6.666424658
    1.720000000    6.519399918
    1.760000000    6.349194088
    1.800000000    6.165250661
    1.840000000    6.010295952
    1.880000000    5.913923417
    1.920000000    5.847268783
    1.960000000    5.754054221
    2.000000000    5.602754396
    2.040000000    5.420946867
    2.080000000    5.250686451
    2.120000000    5.107351366
    2.160000000    4.950977434
    2.200000000    4.740336969
    2.240000000    4.481035478
    2.280000000    4.235002580
    2.320000000    4.059240282
    2.360000000    3.943528681
    2.400000000    3.834222953
    2.440000000    3.691621668
    2.480000000    3.529515339
    2.520000000    3.372828228
    2.560000000    3.224463228
    2.600000000    3.083068950
    2.640000000    2.963720690
    2.680000000    2.873067693
    2.720000000    2.782722581
    2.760000000    2.646035996
    2.800000000    2.449980314
    2.840000000    2.232148746
    2.880000000    2.038397802
    2.920000000    1.892347561
    2.960000000    1.776836439
    3.000000000    1.671226020
    3.040000000    1.556695612
    3.080000000    1.426868270
    3.120000000    1.266727960
    3.160000000    1.081886174
    3.200000000    0.890967623
    3.240000000    0.726865023
    3.280000000    0.600506183
    3.320000000    0.481923508
    3.360000000    0.347217970
    3.400000000    0.199671079
    3.440000000    0.078098406
    3.480000000    0.013343416
    3.520000000    0.000000000
    3.560000000    0.017323620
    3.600000000    0.046814136
    3.640000000    0.102447575
    3.680000000    0.200521721
    3.720000000    0.343919849
    3.760000000    0.520939544
    3.800000000    0.733700192
    3.840000000    1.003785684
    3.880000000    1.344424135
    3.920000000    1.722361515
    3.960000000    2.069810093
    4.000000000    2.345980054
    4.040000000    2.577110213
    4.080000000    2.789383567
    4.120000000    2.981603934
    4.160000000    3.138588431
    4.200000000    3.266561780
    4.240000000    3.384841966
    4.280000000    3.506420398
    4.320000000    3.626940990
    4.360000000    3.742631083
    4.400000000    3.878082722
    4.440000000    4.059218951
    4.480000000    4.277696431
    4.520000000    4.498532432
    4.560000000    4.716653868
    4.600000000    4.960815745
    4.640000000    5.260926634
    4.680000000    5.607371826
    4.720000000    5.961989031
    4.760000000    6.291662911
    4.800000000    6.592579439
    4.840000000    6.893155839
    4.880000000    7.228273030
    4.920000000    7.608167762
    4.960000000    8.010361849
    5.000000000    8.406471481
    5.040000000    8.767936250
    5.080000000    9.082632897
    5.120000000    9.363763746
    5.160000000    9.656438883
    5.200000000    9.998753976
    5.240000000   10.373501564
    5.280000000   10.722064800
    5.320000000   11.014037635
    5.360000000   11.276558291
    5.400000000   11.560688513
    5.440000000   11.878157818
    5.480000000   12.203524966
    5.520000000   12.509652118
    5.560000000   12.794119644
    5.600000000   13.059625755
    5.640000000   13.295102333
    5.680000000   13.503590952
    5.720000000   13.711991375
    5.760000000   13.949840564
    5.800000000   14.195845340
    5.840000000   14.386843002
    5.880000000   14.495660798
    5.920000000   14.556218021
    5.960000000   14.623464298
    6.000000000   14.730409116
    6.040000000   14.863180436
    6.080000000   14.979590151
    6.120000000   15.050359755
    6.160000000   15.087243017
    6.200000000   15.126445293
    6.240000000   15.195361829
    6.280000000   15.292581570
    6.320000000   15.389826424
    6.360000000   15.453886508
    6.400000000   15.481467300
    6.440000000   15.503867491
    6.480000000   15.556887531
    6.520000000   15.653009102
    6.560000000   15.767251669
    6.600000000   15.858198002
    6.640000000   15.899406742
    6.680000000   15.913386202
    6.720000000   15.945250906
    6.760000000   16.018764304
    6.800000000   16.118826215
    6.840000000   16.212837105
    6.880000000   16.269665870
    6.920000000   16.280712180
    6.960000000   16.273463808
    7.000000000   16.293973774
    7.040000000   16.363810468
    7.080000000   16.462302175
    7.120000000   16.548118679
    7.160000000   16.583577902
    7.200000000   16.571175241
    7.240000000   16.539700317
    7.280000000   16.522466917
    7.320000000   16.529714908
    7.360000000   16.548604100
    7.400000000   16.569028374
    7.440000000   16.582994568
    7.480000000   16.579258592
    7.520000000   16.540811844
    7.560000000   16.466332471
    7.600000000   16.390497262
    7.640000000   16.371210806
    7.680000000   16.424209747
    7.720000000   16.508399414
    7.760000000   16.554649611
    7.800000000   16.537029536
    7.840000000   16.477395818
    7.880000000   16.428108926
    7.920000000   16.430340486
    7.960000000   16.472238751
    8.000000000   16.505305811
    8.040000000   16.492232939
    8.080000000   16.446024371
    8.120000000   16.399223974
    8.160000000   16.371394546
    8.200000000   16.349362697
    8.240000000   16.314069627
    8.280000000   16.266345297
    8.320000000   16.217079008
    8.360000000   16.183080216
    8.400000000   16.167045944
    8.440000000   16.167627358
    8.480000000   16.179201858
    8.520000000   16.198321165
    8.560000000   16.222974903
    8.600000000   16.234071589
    8.640000000   16.201237873
    8.680000000   16.134493582
    8.720000000   16.065974713
    8.760000000   16.019553162
    8.800000000   16.001259574
    8.840000000   16.003350725
    8.880000000   15.998022203
    8.920000000   15.954410370
    8.960000000   15.879027627
    9.000000000   15.808425979
    9.040000000   15.764944543
    9.080000000   15.738089994
    9.120000000   15.711472244
    9.160000000   15.672075425
    9.200000000   15.625876754
    9.240000000   15.591880271
    9.280000000   15.579089856
    9.320000000   15.576723336
    9.360000000   15.566378960
    9.400000000   15.537357714
    9.440000000   15.496632733
    9.480000000   15.464651011
    9.520000000   15.453393826
    9.560000000   15.465638477
    9.600000000   15.491348173
    9.640000000   15.524334778
    9.680000000   15.564387521
    9.720000000   15.605376382
    9.760000000   15.633276649
    9.800000000   15.635506906
    9.840000000   15.612582262
    9.880000000   15.563695897
    9.920000000   15.494840375
    9.960000000   15.424700787
   10.000000000   15.382382469
   10.040000000   15.383181357
   10.080000000   15.412041747
   10.120000000   15.431444007
   10.160000000   15.404048909
   10.200000000   15.329407068
   10.240000000   15.250095655
   10.280000000   15.215393520
   10.320000000   15.235437854
   10.360000000   15.274161656
   10.400000000   15.277658756
   10.440000000   15.213867079
   10.480000000   15.098860382
   10.520000000   14.988772889
   10.560000000   14.935930652
   10.600000000   14.951270667
   10.640000000   15.003386899
   10.680000000   15.041341271
   10.720000000   15.033372996
   10.760000000   14.979719523
   10.800000000   14.896201555
   10.840000000   14.813094683
   10.880000000   14.761793811
   10.920000000   14.766078076
   10.960000000   14.815180709
   11.000000000   14.864037649
   11.040000000   14.867200818
   11.080000000   14.809394157
   11.120000000   14.740313254
   11.160000000   14.724681674
   11.200000000   14.772683937
   11.240000000   14.839653535
   11.280000000   14.874633054
   11.320000000   14.871218006
   11.360000000   14.847051805
   11.400000000   14.807679412
   11.440000000   14.743769341
   11.480000000   14.651451433
   11.520000000   14.551662381
   11.560000000   14.461177937
   11.600000000   14.383696763
   11.640000000   14.313580338
   11.680000000   14.253311334
   11.720000000   14.209288694
   11.760000000   14.187373687
   11.800000000   14.172961139
   11.840000000   14.142405712
   11.880000000   14.090652493
   11.920000000   14.036450181
   11.960000000   13.997047827
   12.000000000   13.975739275
