#! FIELDS distance ffz2 dffz2_distance
#! SET normalisation  1.000000
#! SET min_distance 7.6
#! SET max_distance 20.0
#! SET nbins_distance  500
#! SET periodic_distance false
 7.600000 -16.766439 -0.033680
 7.624800 -13.559279 -19.031315
 7.649600 -14.133418 -18.735470
 7.674400 -14.710478 -18.587840
 7.699200 -15.224123 -18.119335
 7.724000 -15.781330 -18.112416
 7.748800 -16.275073 -17.710338
 7.773600 -16.747654 -17.244656
 7.798400 -17.181932 -16.532444
 7.823200 -17.590448 -15.728745
 7.848000 -17.996488 -15.166498
 7.872800 -18.373518 -14.453278
 7.897600 -18.752468 -14.089817
 7.922400 -19.105121 -13.586132
 7.947200 -19.451096 -13.243504
 7.972000 -19.785038 -12.920153
 7.996800 -20.102137 -12.499222
 8.021600 -20.426462 -12.371177
 8.046400 -20.739892 -12.161032
 8.071200 -21.038657 -11.793906
 8.096000 -21.334962 -11.516731
 8.120800 -21.620465 -11.174596
 8.145600 -21.912039 -11.116558
 8.170400 -22.189020 -10.908282
 8.195200 -22.459155 -10.704250
 8.220000 -22.730138 -10.632929
 8.244800 -22.996873 -10.550952
 8.269600 -23.259596 -10.429322
 8.294400 -23.519821 -10.289154
 8.319200 -23.771958 -10.014660
 8.344000 -24.017940 -9.688199
 8.368800 -24.254240 -9.279666
 8.393600 -24.482034 -8.873346
 8.418400 -24.697097 -8.408621
 8.443200 -24.900467 -7.944594
 8.468000 -25.091825 -7.486967
 8.492800 -25.272750 -7.073810
 8.517600 -25.443940 -6.703525
 8.542400 -25.606104 -6.364436
 8.567200 -25.761180 -6.076308
 8.592000 -25.908462 -5.786709
 8.616800 -26.049991 -5.534940
 8.641600 -26.184226 -5.267201
 8.666400 -26.311552 -4.999629
 8.691200 -26.432651 -4.759636
 8.716000 -26.548314 -4.567173
 8.740800 -26.660026 -4.441195
 8.765600 -26.769348 -4.377073
 8.790400 -26.877497 -4.344421
 8.815200 -26.984774 -4.293999
 8.840000 -27.089916 -4.166168
 8.864800 -27.190478 -3.919901
 8.889600 -27.283273 -3.540848
 8.914400 -27.365128 -3.042371
 8.939200 -27.433459 -2.456190
 8.964000 -27.486569 -1.821676
 8.988800 -27.523764 -1.178228
 9.013600 -27.545227 -0.558780
 9.038400 -27.551890 0.011646
 9.063200 -27.545178 0.517582
 9.088000 -27.526792 0.953783
 9.112800 -27.498435 1.321786
 9.137600 -27.461735 1.627471
 9.162400 -27.418130 1.875359
 9.187200 -27.369071 2.070712
 9.212000 -27.315847 2.211081
 9.236800 -27.259841 2.297007
 9.261600 -27.202284 2.334527
 9.286400 -27.144189 2.343419
 9.311200 -27.085944 2.354176
 9.336000 -27.026973 2.397456
 9.360800 -26.966209 2.509280
 9.385600 -26.901451 2.689345
 9.410400 -26.831452 2.950608
 9.435200 -26.754488 3.254090
 9.460000 -26.669877 3.548558
 9.484800 -26.578474 3.781188
 9.509600 -26.482517 3.899156
 9.534400 -26.385525 3.868002
 9.559200 -26.291481 3.679613
 9.584000 -26.203618 3.357580
 9.608800 -26.124379 2.983031
 9.633600 -26.054352 2.649222
 9.658400 -25.991580 2.402520
 9.683200 -25.933757 2.253767
 9.708000 -25.878699 2.170028
 9.732800 -25.825372 2.103382
 9.757600 -25.773696 2.003825
 9.782400 -25.725088 1.866142
 9.807200 -25.680579 1.692576
 9.832000 -25.640721 1.504083
 9.856800 -25.605383 1.328301
 9.881600 -25.574037 1.195838
 9.906400 -25.545395 1.108405
 9.931200 -25.518424 1.060757
 9.956000 -25.492373 1.037744
 9.980800 -25.466830 1.020306
 10.005600 -25.441630 0.989413
 10.030400 -25.417369 0.953949
 10.055200 -25.394070 0.917299
 10.080000 -25.371465 0.895976
 10.104800 -25.348962 0.921413
 10.129600 -25.325072 1.011937
 10.154400 -25.298038 1.178582
 10.179200 -25.265921 1.412982
 10.204000 -25.227281 1.699744
 10.228800 -25.181248 2.013341
 10.253600 -25.127403 2.316628
 10.278400 -25.066300 2.584397
 10.303200 -24.999290 2.800652
 10.328000 -24.927841 2.939000
 10.352800 -24.854114 2.981104
 10.377600 -24.780682 2.910674
 10.402400 -24.710289 2.719241
 10.427200 -24.646082 2.439984
 10.452000 -24.589392 2.109434
 10.476800 -24.540758 1.819921
 10.501600 -24.497929 1.642182
 10.526400 -24.457351 1.634818
 10.551200 -24.414620 1.815138
 10.576000 -24.365345 2.158339
 10.600800 -24.306126 2.619868
 10.625600 -24.234624 3.137280
 10.650400 -24.150019 3.651143
 10.675200 -24.053334 4.119425
 10.700000 -23.946264 4.488202
 10.724800 -23.831350 4.710856
 10.749600 -23.712871 4.793303
 10.774400 -23.594248 4.744604
 10.799200 -23.478079 4.594837
 10.824000 -23.366271 4.406054
 10.848800 -23.258953 4.223999
 10.873600 -23.155499 4.082585
 10.898400 -23.054893 3.993374
 10.923200 -22.955520 3.928261
 10.948000 -22.857458 3.892201
 10.972800 -22.760600 3.879232
 10.997600 -22.663960 3.857994
 11.022400 -22.567532 3.840240
 11.047200 -22.471647 3.865565
 11.072000 -22.374374 3.917232
 11.096800 -22.275719 4.044437
 11.121600 -22.172989 4.208373
 11.146400 -22.065532 4.411687
 11.171200 -21.953131 4.636452
 11.196000 -21.835105 4.803045
 11.220800 -21.714207 4.888020
 11.245600 -21.592716 4.819979
 11.270400 -21.475036 4.597053
 11.295200 -21.364659 4.251323
 11.320000 -21.263389 3.864897
 11.344800 -21.170655 3.542508
 11.369600 -21.084756 3.398383
 11.394400 -21.000100 3.400302
 11.419200 -20.913543 3.528365
 11.444000 -20.822992 3.723764
 11.468800 -20.727745 3.907941
 11.493600 -20.629005 4.023272
 11.518400 -20.527641 3.988879
 11.543200 -20.429087 3.884866
 11.568000 -20.334662 3.709530
 11.592800 -20.245241 3.496893
 11.617600 -20.160625 3.286489
 11.642400 -20.080895 3.143224
 11.667200 -20.003650 3.046444
 11.692000 -19.928478 3.018785
 11.716800 -19.853000 2.999542
 11.741600 -19.777995 3.018044
 11.766400 -19.702001 3.026178
 11.791200 -19.626179 3.060761
 11.816000 -19.549631 3.096264
 11.840800 -19.472072 3.125748
 11.865600 -19.394050 3.165050
 11.890400 -19.314470 3.171852
 11.915200 -19.235328 3.193147
 11.940000 -19.156105 3.188718
 11.964800 -19.077314 3.140355
 11.989600 -18.999987 3.044813
 12.014400 -18.925310 2.913612
 12.039200 -18.854523 2.791115
 12.064000 -18.786277 2.680709
 12.088800 -18.720013 2.658206
 12.113600 -18.652989 2.760514
 12.138400 -18.581373 2.991611
 12.163200 -18.502388 3.365232
 12.188000 -18.412825 3.839201
 12.212800 -18.311033 4.365973
 12.237600 -18.195844 4.853305
 12.262400 -18.069828 5.257513
 12.287200 -17.936029 5.485267
 12.312000 -17.799488 5.453171
 12.336800 -17.667022 5.124951
 12.361600 -17.545539 4.538018
 12.386400 -17.441374 3.850030
 12.411200 -17.354184 3.161222
 12.436000 -17.282659 2.615646
 12.460800 -17.222366 2.254246
 12.485600 -17.167378 2.012041
 12.510400 -17.117629 1.963780
 12.535200 -17.068332 1.984948
 12.560000 -17.017997 2.037201
 12.584800 -16.966184 2.112014
 12.609600 -16.912533 2.200329
 12.634400 -16.856555 2.290166
 12.659200 -16.798412 2.390323
 12.684000 -16.737746 2.488019
 12.708800 -16.674806 2.579286
 12.733600 -16.609885 2.642583
 12.758400 -16.543888 2.658451
 12.783200 -16.478124 2.603244
 12.808000 -16.414508 2.478817
 12.832800 -16.354997 2.313095
 12.857600 -16.299849 2.123733
 12.882400 -16.249041 1.963125
 12.907200 -16.201482 1.871690
 12.932000 -16.155117 1.852151
 12.956800 -16.108525 1.901926
 12.981600 -16.060257 1.989004
 13.006400 -16.009317 2.076952
 13.031200 -15.956404 2.189592
 13.056000 -15.900502 2.301921
 13.080800 -15.841632 2.431403
 13.105600 -15.779272 2.570320
 13.130400 -15.713735 2.707943
 13.155200 -15.645086 2.780133
 13.180000 -15.575968 2.768248
 13.204800 -15.508674 2.627098
 13.229600 -15.446338 2.374762
 13.254400 -15.391038 2.072702
 13.279200 -15.342704 1.804361
 13.304000 -15.299690 1.659921
 13.328800 -15.258474 1.670740
 13.353600 -15.215341 1.820668
 13.378400 -15.167252 2.051160
 13.403200 -15.113170 2.307224
 13.428000 -15.052989 2.514893
 13.452800 -14.988654 2.634256
 13.477600 -14.922847 2.642101
 13.502400 -14.858030 2.538302
 13.527200 -14.796862 2.380584
 13.552000 -14.739733 2.213308
 13.576800 -14.686347 2.101870
 13.601600 -14.634793 2.060385
 13.626400 -14.583385 2.079104
 13.651200 -14.531129 2.114106
 13.676000 -14.478354 2.103683
 13.700800 -14.427045 1.993340
 13.725600 -14.380013 1.745259
 13.750400 -14.340943 1.380876
 13.775200 -14.311698 0.926090
 13.800000 -14.294292 0.480489
 13.824800 -14.287402 0.084104
 13.849600 -14.289089 -0.226433
 13.874400 -14.297251 -0.418516
 13.899200 -14.308898 -0.505723
 13.924000 -14.321423 -0.503926
 13.948800 -14.332999 -0.415982
 13.973600 -14.341350 -0.269700
 13.998400 -14.345450 -0.058254
 14.023200 -14.343668 0.198838
 14.048000 -14.335004 0.506510
 14.072800 -14.318179 0.854326
 14.097600 -14.292279 1.233740
 14.122400 -14.256790 1.627567
 14.147200 -14.211747 1.997477
 14.172000 -14.158203 2.291029
 14.196800 -14.098876 2.465430
 14.221600 -14.037284 2.472424
 14.246400 -13.977594 2.300340
 14.271200 -13.924051 2.001101
 14.296000 -13.878798 1.644859
 14.320800 -13.841969 1.326580
 14.345600 -13.811978 1.099233
 14.370400 -13.786427 0.950111
 14.395200 -13.764006 0.849178
 14.420000 -13.744203 0.731473
 14.444800 -13.728030 0.555095
 14.469600 -13.717100 0.300676
 14.494400 -13.712984 -0.002493
 14.519200 -13.716638 -0.300922
 14.544000 -13.727233 -0.546678
 14.568800 -13.742787 -0.702748
 14.593600 -13.760900 -0.736832
 14.618400 -13.778369 -0.650768
 14.643200 -13.792275 -0.457138
 14.668000 -13.800327 -0.183073
 14.692800 -13.800991 0.128331
 14.717600 -13.793858 0.430858
 14.742400 -13.779837 0.686319
 14.767200 -13.760502 0.852950
 14.792000 -13.738359 0.909160
 14.816800 -13.716140 0.866818
 14.841600 -13.695946 0.753418
 14.866400 -13.678854 0.622543
 14.891200 -13.664600 0.536246
 14.916000 -13.651452 0.538569
 14.940800 -13.636894 0.643356
 14.965600 -13.618643 0.838354
 14.990400 -13.595058 1.065838
 15.015200 -13.566054 1.261985
 15.040000 -13.533368 1.345552
 15.064800 -13.500488 1.250874
 15.089600 -13.472422 0.977210
 15.114400 -13.453135 0.560688
 15.139200 -13.444864 0.088347
 15.164000 -13.447928 -0.320534
 15.188800 -13.459672 -0.605466
 15.213600 -13.476736 -0.750389
 15.238400 -13.495822 -0.774853
 15.263200 -13.514213 -0.695770
 15.288000 -13.529545 -0.534054
 15.312800 -13.540035 -0.305066
 15.337600 -13.544347 -0.033104
 15.362400 -13.541540 0.247663
 15.387200 -13.532176 0.491020
 15.412000 -13.517961 0.633650
 15.436800 -13.501969 0.625583
 15.461600 -13.488471 0.433424
 15.486400 -13.481935 0.075870
 15.511200 -13.485438 -0.365414
 15.536000 -13.499863 -0.786239
 15.560800 -13.523475 -1.101621
 15.585600 -13.553165 -1.265923
 15.610400 -13.585136 -1.290140
 15.635200 -13.616236 -1.206395
 15.660000 -13.644368 -1.055790
 15.684800 -13.668261 -0.869001
 15.709600 -13.687342 -0.671938
 15.734400 -13.701607 -0.481763
 15.759200 -13.711334 -0.316211
 15.784000 -13.717445 -0.187651
 15.808800 -13.721137 -0.116857
 15.833600 -13.723743 -0.104280
 15.858400 -13.726601 -0.132333
 15.883200 -13.730409 -0.168598
 15.908000 -13.734685 -0.169298
 15.932800 -13.738138 -0.101542
 15.957600 -13.739001 0.044021
 15.982400 -13.735532 0.241171
 16.007200 -13.726905 0.442903
 16.032000 -13.713784 0.597633
 16.056800 -13.697885 0.666495
 16.081600 -13.681606 0.628146
 16.106400 -13.667364 0.503992
 16.131200 -13.656754 0.353010
 16.156000 -13.649499 0.237885
 16.180800 -13.644059 0.209945
 16.205600 -13.638016 0.295450
 16.230400 -13.628637 0.471133
 16.255200 -13.614110 0.702659
 16.280000 -13.593687 0.939664
 16.304800 -13.567920 1.123116
 16.329600 -13.538844 1.194346
 16.354400 -13.509820 1.099804
 16.379200 -13.485551 0.818588
 16.404000 -13.470563 0.366344
 16.428800 -13.468146 -0.187467
 16.453600 -13.479608 -0.724247
 16.478400 -13.503005 -1.138580
 16.503200 -13.534340 -1.360041
 16.528000 -13.568713 -1.379334
 16.552800 -13.601401 -1.232566
 16.577600 -13.628913 -0.979859
 16.602400 -13.649401 -0.670008
 16.627200 -13.662069 -0.354313
 16.652000 -13.667187 -0.070312
 16.676800 -13.665780 0.170979
 16.701600 -13.659041 0.361538
 16.726400 -13.648275 0.498055
 16.751200 -13.634830 0.575539
 16.776000 -13.620300 0.583438
 16.800800 -13.606526 0.503269
 16.825600 -13.595975 0.333399
 16.850400 -13.590703 0.081228
 16.875200 -13.592409 -0.218016
 16.900000 -13.601338 -0.503129
 16.924800 -13.616643 -0.712438
 16.949600 -13.635637 -0.807270
 16.974400 -13.655528 -0.770742
 16.999200 -13.672947 -0.620956
 17.024000 -13.685556 -0.391772
 17.048800 -13.692043 -0.136263
 17.073600 -13.692612 0.075938
 17.098400 -13.689286 0.169796
 17.123200 -13.685711 0.085767
 17.148000 -13.686748 -0.200220
 17.172800 -13.696992 -0.643651
 17.197600 -13.719273 -1.136706
 17.222400 -13.752851 -1.547834
 17.247200 -13.794764 -1.797555
 17.272000 -13.840650 -1.874263
 17.296800 -13.886835 -1.833247
 17.321600 -13.931233 -1.749843
 17.346400 -13.973890 -1.703900
 17.371200 -14.016511 -1.746383
 17.396000 -14.061309 -1.878069
 17.420800 -14.110011 -2.053843
 17.445600 -14.162838 -2.192145
 17.470400 -14.217792 -2.216604
 17.495200 -14.271458 -2.084456
 17.520000 -14.319948 -1.798896
 17.544800 -14.359853 -1.397972
 17.569600 -14.388877 -0.936760
 17.594400 -14.406401 -0.482465
 17.619200 -14.413510 -0.103628
 17.644000 -14.412721 0.140879
 17.668800 -14.407994 0.210758
 17.693600 -14.403930 0.088292
 17.718400 -14.404985 -0.193079
 17.743200 -14.414263 -0.567262
 17.768000 -14.433067 -0.942350
 17.792800 -14.460463 -1.246763
 17.817600 -14.494132 -1.440836
 17.842400 -14.531016 -1.517363
 17.867200 -14.568588 -1.501056
 17.892000 -14.605019 -1.425589
 17.916800 -14.639109 -1.319621
 17.941600 -14.670385 -1.206502
 17.966400 -14.698878 -1.098962
 17.991200 -14.724903 -1.001208
 18.016000 -14.748708 -0.920530
 18.040800 -14.770635 -0.850548
 18.065600 -14.790961 -0.790365
 18.090400 -14.809828 -0.730359
 18.115200 -14.827135 -0.662055
 18.140000 -14.842607 -0.581226
 18.164800 -14.855797 -0.476190
 18.189600 -14.866159 -0.355517
 18.214400 -14.873387 -0.231407
 18.239200 -14.877731 -0.121854
 18.264000 -14.879861 -0.053454
 18.288800 -14.881067 -0.049399
 18.313600 -14.882966 -0.121818
 18.338400 -14.887890 -0.286894
 18.363200 -14.898071 -0.543545
 18.388000 -14.915674 -0.880723
 18.412800 -14.942194 -1.262428
 18.437600 -14.978336 -1.646293
 18.462400 -15.023639 -1.996142
 18.487200 -15.076830 -2.279470
 18.512000 -15.135961 -2.474598
 18.536800 -15.198790 -2.577721
 18.561600 -15.263010 -2.588443
 18.586400 -15.326386 -2.511316
 18.611200 -15.386883 -2.350082
 18.636000 -15.442444 -2.116108
 18.660800 -15.491437 -1.822787
 18.685600 -15.532484 -1.478858
 18.710400 -15.564541 -1.102773
 18.735200 -15.587167 -0.719074
 18.760000 -15.600402 -0.354662
 18.784800 -15.605359 -0.055408
 18.809600 -15.604118 0.132474
 18.834400 -15.600182 0.153108
 18.859200 -15.598244 -0.028338
 18.884000 -15.603219 -0.396555
 18.908800 -15.618969 -0.873804
 18.933600 -15.646483 -1.327916
 18.958400 -15.683767 -1.645812
 18.983200 -15.726509 -1.768590
 19.008000 -15.770145 -1.720403
 19.032800 -15.810968 -1.563627
 19.057600 -15.847442 -1.383104
 19.082400 -15.879924 -1.248537
 19.107200 -15.910321 -1.216040
 19.132000 -15.941204 -1.287338
 19.156800 -15.974726 -1.425026
 19.181600 -16.011810 -1.561060
 19.206400 -16.051648 -1.631493
 19.231200 -16.091933 -1.595559
 19.256000 -16.129856 -1.447727
 19.280800 -16.163140 -1.226312
 19.305600 -16.190571 -0.986623
 19.330400 -16.212427 -0.786018
 19.355200 -16.230317 -0.670680
 19.380000 -16.246594 -0.655798
 19.404800 -16.263554 -0.723492
 19.429600 -16.282720 -0.827186
 19.454400 -16.304410 -0.913220
 19.479200 -16.327591 -0.941306
 19.504000 -16.350559 -0.898274
 19.528800 -16.371710 -0.795727
 19.553600 -16.389841 -0.665831
 19.578400 -16.404817 -0.543610
 19.603200 -16.417250 -0.465011
 19.628000 -16.428413 -0.450694
 19.652800 -16.440185 -0.509269
 19.677600 -16.454192 -0.632993
 19.702400 -16.471929 -0.802624
 19.727200 -16.494166 -0.995381
 19.752000 -16.521232 -1.183145
 19.776800 -16.552603 -1.342210
 19.801600 -16.587305 -1.444484
 19.826400 -16.623695 -1.472139
 19.851200 -16.659631 -1.408658
 19.876000 -16.692856 -1.259904
 19.900800 -16.721515 -1.041266
 19.925600 -16.744219 -0.785606
 19.950400 -16.760576 -0.535701
 19.975200 -16.771271 -0.336879
 20.000000 -16.800425 -0.212723
