#! FIELDS distance.z projection
#! SET min_distance.z 7.6
#! SET max_distance.z 21.0
#! SET nbins_distance.z  301
#! SET periodic_distance.z false
    7.600000000   19.457919299
    7.644666667   17.288834733
    7.689333333   15.054019412
    7.734000000   12.815264544
    7.778666667   10.634742054
    7.823333333    8.573362347
    7.868000000    6.685209836
    7.912666667    5.013308136
    7.957333333    3.587470898
    8.002000000    2.420414605
    8.046666667    1.510786508
    8.091333333    0.842725588
    8.136000000    0.390266831
    8.180666667    0.120313809
    8.225333333    0.000949976
    8.270000000    0.000000000
    8.314666667    0.086566782
    8.359333333    0.231605854
    8.404000000    0.409278808
    8.448666667    0.596935818
    8.493333333    0.779452734
    8.538000000    0.946639208
    8.582666667    1.096375310
    8.627333333    1.229190525
    8.672000000    1.349230083
    8.716666667    1.462753209
    8.761333333    1.573335884
    8.806000000    1.683463363
    8.850666667    1.793767710
    8.895333333    1.903787443
    8.940000000    2.010331139
    8.984666667    2.110350865
    9.029333333    2.202487436
    9.074000000    2.287337812
    9.118666667    2.366740447
    9.163333333    2.444116814
    9.208000000    2.522411773
    9.252666667    2.606071174
    9.297333333    2.696501253
    9.342000000    2.796624584
    9.386666667    2.907500139
    9.431333333    3.029807143
    9.476000000    3.163262923
    9.520666667    3.307828557
    9.565333333    3.460834878
    9.610000000    3.622448974
    9.654666667    3.790822728
    9.699333333    3.964609480
    9.744000000    4.143801327
    9.788666667    4.326545954
    9.833333333    4.512229943
    9.878000000    4.698929016
    9.922666667    4.886772029
    9.967333333    5.075442486
   10.012000000    5.263452027
   10.056666667    5.453517489
   10.101333333    5.645676012
   10.146000000    5.840564760
   10.190666667    6.038216694
   10.235333333    6.238409124
   10.280000000    6.441356821
   10.324666667    6.646023557
   10.369333333    6.849606268
   10.414000000    7.051208195
   10.458666667    7.249829709
   10.503333333    7.443462661
   10.548000000    7.631700206
   10.592666667    7.813991931
   10.637333333    7.991327314
   10.682000000    8.162792455
   10.726666667    8.331847770
   10.771333333    8.497828808
   10.816000000    8.661524989
   10.860666667    8.824154337
   10.905333333    8.983485533
   10.950000000    9.138054182
   10.994666667    9.288868891
   11.039333333    9.435362685
   11.084000000    9.577115451
   11.128666667    9.712095286
   11.173333333    9.841134373
   11.218000000    9.964871377
   11.262666667   10.083694892
   11.307333333   10.200583010
   11.352000000   10.313532193
   11.396666667   10.423951221
   11.441333333   10.531329638
   11.486000000   10.636884550
   11.530666667   10.740923189
   11.575333333   10.843677965
   11.620000000   10.945543323
   11.664666667   11.046709963
   11.709333333   11.147019070
   11.754000000   11.247910477
   11.798666667   11.348168597
   11.843333333   11.446839286
   11.888000000   11.546766766
   11.932666667   11.646894831
   11.977333333   11.745705395
   12.022000000   11.844290305
   12.066666667   11.942440507
   12.111333333   12.039087969
   12.156000000   12.133800560
   12.200666667   12.225662778
   12.245333333   12.314314526
   12.290000000   12.399779734
   12.334666667   12.483193951
   12.379333333   12.566734494
   12.424000000   12.650008584
   12.468666667   12.734416197
   12.513333333   12.819304571
   12.558000000   12.904502692
   12.602666667   12.987393919
   12.647333333   13.065353278
   12.692000000   13.136259696
   12.736666667   13.198931708
   12.781333333   13.253031164
   12.826000000   13.299841446
   12.870666667   13.341929785
   12.915333333   13.379336645
   12.960000000   13.415815419
   13.004666667   13.451902805
   13.049333333   13.489625891
   13.094000000   13.528153594
   13.138666667   13.568321327
   13.183333333   13.608189811
   13.228000000   13.647872185
   13.272666667   13.687515762
   13.317333333   13.725455297
   13.362000000   13.761010898
   13.406666667   13.793025922
   13.451333333   13.822113689
   13.496000000   13.847883424
   13.540666667   13.870269456
   13.585333333   13.890475203
   13.630000000   13.908761397
   13.674666667   13.926134525
   13.719333333   13.941407055
   13.764000000   13.952562335
   13.808666667   13.958208841
   13.853333333   13.956516752
   13.898000000   13.947497988
   13.942666667   13.931094764
   13.987333333   13.907935620
   14.032000000   13.880618546
   14.076666667   13.851026227
   14.121333333   13.819656365
   14.166000000   13.788529683
   14.210666667   13.759488935
   14.255333333   13.733575451
   14.300000000   13.711244995
   14.344666667   13.694201041
   14.389333333   13.679619780
   14.434000000   13.666253900
   14.478666667   13.651539370
   14.523333333   13.633904894
   14.568000000   13.611935762
   14.612666667   13.585934933
   14.657333333   13.555260614
   14.702000000   13.520034149
   14.746666667   13.479850281
   14.791333333   13.435524879
   14.836000000   13.386605656
   14.880666667   13.335392012
   14.925333333   13.283940233
   14.970000000   13.234353439
   15.014666667   13.191853761
   15.059333333   13.157695494
   15.104000000   13.131288579
   15.148666667   13.111854691
   15.193333333   13.096092847
   15.238000000   13.078723227
   15.282666667   13.055438983
   15.327333333   13.024399956
   15.372000000   12.982690892
   15.416666667   12.926731564
   15.461333333   12.853832513
   15.506000000   12.761416705
   15.550666667   12.650094361
   15.595333333   12.524166089
   15.640000000   12.389656665
   15.684666667   12.252132015
   15.729333333   12.113439623
   15.774000000   11.972534345
   15.818666667   11.823323496
   15.863333333   11.658537013
   15.908000000   11.471241158
   15.952666667   11.261098335
   15.997333333   11.037450620
   16.042000000   10.815059394
   16.086666667   10.611046736
   16.131333333   10.440719998
   16.176000000   10.313655635
   16.220666667   10.233511835
   16.265333333   10.196137092
   16.310000000   10.193923240
   16.354666667   10.218059154
   16.399333333   10.259879630
   16.444000000   10.312702711
   16.488666667   10.372185151
   16.533333333   10.434745940
   16.578000000   10.500611297
   16.622666667   10.570428193
   16.667333333   10.645779676
   16.712000000   10.728128796
   16.756666667   10.817491318
   16.801333333   10.916165249
   16.846000000   11.023480782
   16.890666667   11.137516374
   16.935333333   11.257477281
   16.980000000   11.380869223
   17.024666667   11.506187395
   17.069333333   11.631818046
   17.114000000   11.755728113
   17.158666667   11.877990391
   17.203333333   11.998026531
   17.248000000   12.116894146
   17.292666667   12.234057329
   17.337333333   12.351153304
   17.382000000   12.466766095
   17.426666667   12.579824257
   17.471333333   12.689247805
   17.516000000   12.794416633
   17.560666667   12.892906736
   17.605333333   12.983814504
   17.650000000   13.068143018
   17.694666667   13.143156252
   17.739333333   13.209349173
   17.784000000   13.267365519
   17.828666667   13.316692328
   17.873333333   13.359641881
   17.918000000   13.395498978
   17.962666667   13.425889508
   18.007333333   13.450194441
   18.052000000   13.469392827
   18.096666667   13.482000170
   18.141333333   13.489308818
   18.186000000   13.489332764
   18.230666667   13.481936046
   18.275333333   13.467068124
   18.320000000   13.445206083
   18.364666667   13.417343455
   18.409333333   13.383281292
   18.454000000   13.345546732
   18.498666667   13.304734829
   18.543333333   13.261751304
   18.588000000   13.218235490
   18.632666667   13.174399429
   18.677333333   13.130615406
   18.722000000   13.086608791
   18.766666667   13.041794026
   18.811333333   12.995439098
   18.856000000   12.946932823
   18.900666667   12.895664050
   18.945333333   12.841727875
   18.990000000   12.785096095
   19.034666667   12.725950690
   19.079333333   12.665798518
   19.124000000   12.605146620
   19.168666667   12.545363452
   19.213333333   12.486986051
   19.258000000   12.430324769
   19.302666667   12.376310081
   19.347333333   12.324757035
   19.392000000   12.276062248
   19.436666667   12.229585762
   19.481333333   12.186319282
   19.526000000   12.145682047
   19.570666667   12.107573928
   19.615333333   12.070877576
   19.660000000   12.035992099
   19.704666667   12.002071539
   19.749333333   11.969227706
   19.794000000   11.937493646
   19.838666667   11.906334886
   19.883333333   11.876626348
   19.928000000   11.848388938
   19.972666667   11.821379472
   20.017333333   11.795023949
   20.062000000   11.767409173
   20.106666667   11.737889543
   20.151333333   11.704309875
   20.196000000   11.666425037
   20.240666667   11.623267932
   20.285333333   11.575513552
   20.330000000   11.523819485
   20.374666667   11.470575635
   20.419333333   11.417895392
   20.464000000   11.368126941
   20.508666667   11.325249378
   20.553333333   11.292201928
   20.598000000   11.271190739
   20.642666667   11.261197657
   20.687333333   11.261399170
   20.732000000   11.267030461
   20.776666667   11.271302716
   20.821333333   11.266212756
   20.866000000   11.242040513
   20.910666667   11.191232696
   20.955333333   11.107903275
   21.000000000   10.990755212
