#! FIELDS distance ffz2 dffz2_distance
#! SET normalisation  1.000000
#! SET min_distance 7.6
#! SET max_distance 20.0
#! SET nbins_distance  500
#! SET periodic_distance false
 7.600000 -16.285626 -19.347042
 7.624800 -16.978895 -20.341126
 7.649600 -17.515696 -19.424260
 7.674400 -18.017486 -18.486594
 7.699200 -18.513584 -17.757130
 7.724000 -19.060128 -17.796672
 7.748800 -19.612776 -17.968324
 7.773600 -20.074431 -17.378362
 7.798400 -20.575992 -17.346401
 7.823200 -21.012879 -16.714535
 7.848000 -21.436460 -16.093552
 7.872800 -21.835314 -15.355389
 7.897600 -22.220714 -14.677013
 7.922400 -22.584581 -13.956024
 7.947200 -22.924198 -13.167443
 7.972000 -23.246619 -12.439356
 7.996800 -23.559226 -11.908058
 8.021600 -23.849737 -11.318724
 8.046400 -24.138618 -11.046591
 8.071200 -24.418497 -10.876551
 8.096000 -24.692162 -10.785849
 8.120800 -24.973970 -10.964787
 8.145600 -25.251267 -11.051749
 8.170400 -25.530171 -11.114016
 8.195200 -25.807337 -11.053045
 8.220000 -26.084085 -10.923591
 8.244800 -26.354076 -10.642901
 8.269600 -26.615086 -10.246431
 8.294400 -26.865731 -9.788674
 8.319200 -27.106353 -9.344928
 8.344000 -27.332962 -8.862810
 8.368800 -27.550105 -8.470438
 8.393600 -27.756184 -8.114402
 8.418400 -27.956345 -7.882561
 8.443200 -28.151887 -7.745303
 8.468000 -28.343211 -7.638646
 8.492800 -28.534693 -7.613457
 8.517600 -28.723635 -7.552657
 8.542400 -28.909983 -7.444065
 8.567200 -29.092753 -7.277829
 8.592000 -29.271024 -7.063215
 8.616800 -29.443171 -6.795113
 8.641600 -29.608223 -6.484260
 8.666400 -29.764719 -6.122476
 8.691200 -29.911645 -5.712184
 8.716000 -30.047820 -5.252311
 8.740800 -30.171879 -4.740665
 8.765600 -30.282675 -4.185015
 8.790400 -30.379266 -3.598994
 8.815200 -30.461148 -3.002997
 8.840000 -30.528397 -2.422113
 8.864800 -30.581663 -1.880183
 8.889600 -30.622179 -1.397652
 8.914400 -30.651603 -0.986816
 8.939200 -30.671746 -0.648592
 8.964000 -30.684299 -0.372337
 8.988800 -30.690578 -0.139831
 9.013600 -30.691430 0.068989
 9.038400 -30.687232 0.269649
 9.063200 -30.678054 0.470742
 9.088000 -30.663835 0.674884
 9.112800 -30.644522 0.882727
 9.137600 -30.620005 1.093766
 9.162400 -30.590182 1.312393
 9.187200 -30.554785 1.542674
 9.212000 -30.513450 1.787746
 9.236800 -30.465866 2.047985
 9.261600 -30.411650 2.307199
 9.286400 -30.351185 2.555900
 9.311200 -30.285009 2.766944
 9.336000 -30.214336 2.918459
 9.360800 -30.140687 2.994619
 9.385600 -30.065991 3.006773
 9.410400 -29.991473 2.971931
 9.435200 -29.918142 2.934963
 9.460000 -29.845470 2.916851
 9.484800 -29.772610 2.936242
 9.509600 -29.698736 3.001349
 9.534400 -29.622958 3.091208
 9.559200 -29.545040 3.169058
 9.584000 -29.465726 3.192044
 9.608800 -29.386759 3.118322
 9.633600 -29.310939 2.930517
 9.658400 -29.241328 2.640458
 9.683200 -29.179932 2.277380
 9.708000 -29.127749 1.911002
 9.732800 -29.084033 1.612384
 9.757600 -29.046499 1.425998
 9.782400 -29.011965 1.354714
 9.807200 -28.977874 1.386468
 9.832000 -28.942037 1.481534
 9.856800 -28.903571 1.607992
 9.881600 -28.862018 1.726523
 9.906400 -28.817798 1.815267
 9.931200 -28.771822 1.870706
 9.956000 -28.724890 1.897469
 9.980800 -28.677535 1.908729
 10.005600 -28.629947 1.925771
 10.030400 -28.581613 1.961883
 10.055200 -28.532018 2.039972
 10.080000 -28.479946 2.159094
 10.104800 -28.424332 2.317847
 10.129600 -28.364287 2.513316
 10.154400 -28.299027 2.738378
 10.179200 -28.227815 2.981031
 10.204000 -28.150496 3.242204
 10.228800 -28.066689 3.509243
 10.253600 -27.976203 3.766276
 10.278400 -27.879401 4.000624
 10.303200 -27.777407 4.203401
 10.328000 -27.671069 4.330586
 10.352800 -27.562917 4.358422
 10.377600 -27.455527 4.236141
 10.402400 -27.353096 3.950650
 10.427200 -27.260076 3.518528
 10.452000 -27.178711 2.952498
 10.476800 -27.112135 2.390602
 10.501600 -27.058776 1.911588
 10.526400 -27.015297 1.582177
 10.551200 -26.977641 1.443346
 10.576000 -26.941178 1.477409
 10.600800 -26.902387 1.655280
 10.625600 -26.857806 1.903222
 10.650400 -26.806684 2.208406
 10.675200 -26.747775 2.521215
 10.700000 -26.681072 2.828733
 10.724800 -26.606904 3.135355
 10.749600 -26.525231 3.443964
 10.774400 -26.435809 3.760151
 10.799200 -26.338316 4.087063
 10.824000 -26.232681 4.423829
 10.848800 -26.118790 4.745067
 10.873600 -25.997224 5.019024
 10.898400 -25.869568 5.221177
 10.923200 -25.738136 5.338586
 10.948000 -25.604935 5.363122
 10.972800 -25.471608 5.306571
 10.997600 -25.339943 5.223675
 11.022400 -25.210415 5.159655
 11.047200 -25.082311 5.129416
 11.072000 -24.954543 5.116747
 11.096800 -24.826843 5.095508
 11.121600 -24.700256 5.050239
 11.146400 -24.574790 4.924074
 11.171200 -24.453160 4.754221
 11.196000 -24.335933 4.548194
 11.220800 -24.224954 4.390765
 11.245600 -24.117415 4.247990
 11.270400 -24.012844 4.148078
 11.295200 -23.910034 4.074853
 11.320000 -23.808648 4.010533
 11.344800 -23.708852 3.942971
 11.369600 -23.611309 3.890419
 11.394400 -23.514441 3.836741
 11.419200 -23.418633 3.859661
 11.444000 -23.321252 3.956647
 11.468800 -23.220669 4.137156
 11.493600 -23.114690 4.350544
 11.518400 -23.003482 4.568285
 11.543200 -22.887805 4.736768
 11.568000 -22.768594 4.786498
 11.592800 -22.649818 4.746456
 11.617600 -22.532760 4.606665
 11.642400 -22.419658 4.439564
 11.667200 -22.310763 4.301577
 11.692000 -22.204817 4.225877
 11.716800 -22.100111 4.220518
 11.741600 -21.994709 4.258489
 11.766400 -21.887880 4.316304
 11.791200 -21.778771 4.336904
 11.816000 -21.669755 4.348785
 11.840800 -21.561352 4.324597
 11.865600 -21.454636 4.269079
 11.890400 -21.349418 4.176583
 11.915200 -21.246302 4.094829
 11.940000 -21.144736 4.053694
 11.964800 -21.043651 4.070568
 11.989600 -20.941379 4.129403
 12.014400 -20.837553 4.230331
 12.039200 -20.730071 4.288882
 12.064000 -20.622197 4.354735
 12.088800 -20.513584 4.353344
 12.113600 -20.406029 4.270672
 12.138400 -20.301387 4.115134
 12.163200 -20.200791 3.917587
 12.188000 -20.105196 3.757251
 12.212800 -20.012930 3.675157
 12.237600 -19.921502 3.699346
 12.262400 -19.827829 3.820026
 12.287200 -19.729772 4.013023
 12.312000 -19.626757 4.250888
 12.336800 -19.518471 4.463136
 12.361600 -19.405441 4.574012
 12.386400 -19.290651 4.580822
 12.411200 -19.177399 4.524530
 12.436000 -19.066085 4.407757
 12.460800 -18.957743 4.299401
 12.485600 -18.851571 4.228333
 12.510400 -18.746534 4.205292
 12.535200 -18.641911 4.211048
 12.560000 -18.536964 4.180236
 12.584800 -18.433712 4.089166
 12.609600 -18.333834 3.866623
 12.634400 -18.241001 3.478200
 12.659200 -18.160198 2.940550
 12.684000 -18.095068 2.292400
 12.708800 -18.046730 1.598891
 12.733600 -18.014573 0.994274
 12.758400 -17.994861 0.594718
 12.783200 -17.982160 0.467215
 12.808000 -17.969368 0.568973
 12.832800 -17.951500 0.862245
 12.857600 -17.924764 1.281238
 12.882400 -17.886991 1.758068
 12.907200 -17.837446 2.221457
 12.932000 -17.777110 2.617834
 12.956800 -17.708336 2.904507
 12.981600 -17.633857 3.039993
 13.006400 -17.557964 3.048963
 13.031200 -17.483375 2.950148
 13.056000 -17.412075 2.794132
 13.080800 -17.344733 2.630547
 13.105600 -17.281192 2.494270
 13.130400 -17.220624 2.377638
 13.155200 -17.162618 2.261613
 13.180000 -17.107797 2.154173
 13.204800 -17.055484 2.036770
 13.229600 -17.005818 1.955557
 13.254400 -16.957255 1.932403
 13.279200 -16.908154 1.998618
 13.304000 -16.856596 2.161526
 13.328800 -16.800175 2.385279
 13.353600 -16.737686 2.646635
 13.378400 -16.668539 2.924267
 13.403200 -16.592464 3.200834
 13.428000 -16.509397 3.465753
 13.452800 -16.419915 3.719484
 13.477600 -16.324654 3.939607
 13.502400 -16.224729 4.063362
 13.527200 -16.123778 4.026635
 13.552000 -16.026906 3.725833
 13.576800 -15.941620 3.094190
 13.601600 -15.875841 2.153712
 13.626400 -15.835251 1.075425
 13.651200 -15.820598 0.130796
 13.676000 -15.825388 -0.509896
 13.700800 -15.841611 -0.739086
 13.725600 -15.859014 -0.638802
 13.750400 -15.870668 -0.278146
 13.775200 -15.871066 0.245250
 13.800000 -15.857304 0.870716
 13.824800 -15.827399 1.528862
 13.849600 -15.781166 2.174876
 13.874400 -15.719691 2.763718
 13.899200 -15.645022 3.226973
 13.924000 -15.561121 3.498002
 13.948800 -15.473594 3.503381
 13.973600 -15.389731 3.204020
 13.998400 -15.316932 2.627563
 14.023200 -15.260570 1.908322
 14.048000 -15.221776 1.238988
 14.072800 -15.196942 0.779980
 14.097600 -15.180072 0.608603
 14.122400 -15.164471 0.677424
 14.147200 -15.145153 0.878339
 14.172000 -15.120102 1.105832
 14.196800 -15.090005 1.286073
 14.221600 -15.056586 1.361204
 14.246400 -15.022805 1.343584
 14.271200 -14.990416 1.261386
 14.296000 -14.960107 1.176437
 14.320800 -14.931462 1.132930
 14.345600 -14.903385 1.136757
 14.370400 -14.874917 1.147107
 14.395200 -14.846773 1.105101
 14.420000 -14.821109 0.938139
 14.444800 -14.801591 0.604676
 14.469600 -14.792105 0.124433
 14.494400 -14.795324 -0.390259
 14.519200 -14.810266 -0.809434
 14.544000 -14.833240 -1.002203
 14.568800 -14.857671 -0.928404
 14.593600 -14.877097 -0.604395
 14.618400 -14.886063 -0.095529
 14.643200 -14.880975 0.514062
 14.668000 -14.860328 1.131485
 14.692800 -14.825234 1.674591
 14.717600 -14.778637 2.047410
 14.742400 -14.725655 2.179305
 14.767200 -14.672613 2.039275
 14.792000 -14.626073 1.684585
 14.816800 -14.589842 1.231500
 14.841600 -14.564475 0.829300
 14.866400 -14.547313 0.583896
 14.891200 -14.533988 0.514876
 14.916000 -14.520532 0.577618
 14.940800 -14.504678 0.697253
 14.965600 -14.485954 0.799157
 14.990400 -14.465335 0.838053
 15.015200 -14.444597 0.813081
 15.040000 -14.424751 0.748982
 15.064800 -14.406601 0.719215
 15.089600 -14.388554 0.748309
 15.114400 -14.368715 0.853858
 15.139200 -14.345401 1.036750
 15.164000 -14.316916 1.265243
 15.188800 -14.282513 1.507602
 15.213600 -14.242205 1.733653
 15.238400 -14.196553 1.915366
 15.263200 -14.147230 2.043786
 15.288000 -14.095810 2.083927
 15.312800 -14.044575 2.001932
 15.337600 -13.997031 1.795846
 15.362400 -13.956219 1.475956
 15.387200 -13.924292 1.090286
 15.412000 -13.901738 0.733590
 15.436800 -13.886729 0.499353
 15.461600 -13.875366 0.439818
 15.486400 -13.862908 0.558717
 15.511200 -13.845667 0.835532
 15.536000 -13.820480 1.203109
 15.560800 -13.785761 1.576065
 15.585600 -13.742534 1.891081
 15.610400 -13.693020 2.073946
 15.635200 -13.641103 2.069769
 15.660000 -13.591625 1.865255
 15.684800 -13.549604 1.497451
 15.709600 -13.518125 1.031426
 15.734400 -13.498492 0.550318
 15.759200 -13.490249 0.128853
 15.784000 -13.491246 -0.209348
 15.808800 -13.499505 -0.453571
 15.833600 -13.512935 -0.625173
 15.858400 -13.529946 -0.738864
 15.883200 -13.548966 -0.796020
 15.908000 -13.568394 -0.784819
 15.932800 -13.586629 -0.676953
 15.957600 -13.601106 -0.476644
 15.982400 -13.609555 -0.193874
 16.007200 -13.610161 0.151487
 16.032000 -13.601728 0.523380
 16.056800 -13.584162 0.884978
 16.081600 -13.558260 1.191090
 16.106400 -13.525813 1.408481
 16.131200 -13.489308 1.517907
 16.156000 -13.451322 1.516507
 16.180800 -13.414519 1.438632
 16.205600 -13.380325 1.313396
 16.230400 -13.349516 1.163393
 16.255200 -13.322690 0.995826
 16.280000 -13.300375 0.786544
 16.304800 -13.283998 0.514249
 16.329600 -13.275282 0.175359
 16.354400 -13.275567 -0.210102
 16.379200 -13.285313 -0.568042
 16.404000 -13.302716 -0.827823
 16.428800 -13.324692 -0.922538
 16.453600 -13.346749 -0.839016
 16.478400 -13.364747 -0.590146
 16.503200 -13.375021 -0.222450
 16.528000 -13.375195 0.211044
 16.552800 -13.364267 0.659551
 16.577600 -13.342565 1.080912
 16.602400 -13.311241 1.429249
 16.627200 -13.272447 1.673797
 16.652000 -13.229020 1.801848
 16.676800 -13.183873 1.813407
 16.701600 -13.139766 1.723787
 16.726400 -13.098971 1.555347
 16.751200 -13.063040 1.331446
 16.776000 -13.033041 1.082103
 16.800800 -13.009241 0.837678
 16.825600 -12.991144 0.625607
 16.850400 -12.977612 0.463943
 16.875200 -12.967275 0.372812
 16.900000 -12.958486 0.341032
 16.924800 -12.949911 0.340475
 16.949600 -12.941225 0.346449
 16.974400 -12.932740 0.317227
 16.999200 -12.925793 0.230289
 17.024000 -12.921906 0.068533
 17.048800 -12.922747 -0.149886
 17.073600 -12.929307 -0.387588
 17.098400 -12.941542 -0.589312
 17.123200 -12.957822 -0.716279
 17.148000 -12.975917 -0.729389
 17.172800 -12.992872 -0.618941
 17.197600 -13.005671 -0.401654
 17.222400 -13.012028 -0.098711
 17.247200 -13.010170 0.253497
 17.272000 -12.999287 0.622854
 17.296800 -12.979438 0.968847
 17.321600 -12.951692 1.246966
 17.346400 -12.918375 1.413006
 17.371200 -12.882918 1.413677
 17.396000 -12.850007 1.203070
 17.420800 -12.825022 0.767145
 17.445600 -12.813257 0.152805
 17.470400 -12.818007 -0.532599
 17.495200 -12.839042 -1.141134
 17.520000 -12.872907 -1.552523
 17.544800 -12.913794 -1.707845
 17.569600 -12.955419 -1.619233
 17.594400 -12.992409 -1.339170
 17.619200 -13.020780 -0.941168
 17.644000 -13.038533 -0.488956
 17.668800 -13.045095 -0.047029
 17.693600 -13.041224 0.342694
 17.718400 -13.028933 0.640892
 17.743200 -13.010456 0.833615
 17.768000 -12.988452 0.918232
 17.792800 -12.965673 0.899900
 17.817600 -12.944651 0.776686
 17.842400 -12.928229 0.529061
 17.867200 -12.919684 0.134663
 17.892000 -12.922863 -0.418576
 17.916800 -12.941426 -1.089541
 17.941600 -12.977052 -1.763280
 17.966400 -13.027855 -2.294664
 17.991200 -13.088738 -2.571509
 18.016000 -13.152993 -2.565491
 18.040800 -13.213962 -2.323371
 18.065600 -13.267020 -1.939379
 18.090400 -13.309775 -1.515422
 18.115200 -13.342699 -1.150754
 18.140000 -13.367945 -0.913199
 18.164800 -13.389395 -0.842029
 18.189600 -13.410923 -0.913875
 18.214400 -13.435428 -1.064002
 18.239200 -13.463571 -1.198640
 18.264000 -13.494069 -1.240045
 18.288800 -13.524120 -1.163911
 18.313600 -13.551110 -0.995471
 18.338400 -13.573276 -0.787327
 18.363200 -13.590368 -0.600217
 18.388000 -13.603632 -0.484392
 18.412800 -13.615198 -0.465002
 18.437600 -13.627548 -0.542286
 18.462400 -13.642654 -0.681379
 18.487200 -13.661595 -0.849820
 18.512000 -13.684615 -1.006707
 18.536800 -13.711362 -1.135322
 18.561600 -13.740655 -1.218620
 18.586400 -13.771489 -1.255979
 18.611200 -13.802574 -1.245225
 18.636000 -13.832968 -1.196016
 18.660800 -13.861752 -1.124194
 18.685600 -13.888750 -1.058031
 18.710400 -13.914404 -1.025612
 18.735200 -13.939875 -1.037758
 18.760000 -13.966318 -1.094972
 18.784800 -13.994381 -1.165716
 18.809600 -14.023961 -1.208620
 18.834400 -14.053950 -1.191363
 18.859200 -14.082534 -1.095118
 18.884000 -14.107753 -0.934391
 18.908800 -14.128619 -0.744787
 18.933600 -14.144934 -0.584947
 18.958400 -14.158494 -0.520089
 18.983200 -14.172295 -0.608663
 19.008000 -14.190170 -0.863641
 19.032800 -14.216318 -1.262232
 19.057600 -14.253339 -1.722519
 19.082400 -14.301345 -2.136876
 19.107200 -14.358298 -2.421289
 19.132000 -14.420131 -2.529982
 19.156800 -14.482563 -2.479050
 19.181600 -14.542187 -2.312380
 19.206400 -14.596753 -2.082383
 19.231200 -14.645299 -1.832043
 19.256000 -14.687721 -1.594427
 19.280800 -14.724715 -1.391071
 19.305600 -14.757074 -1.228754
 19.330400 -14.786062 -1.107698
 19.355200 -14.812323 -1.013818
 19.380000 -14.836426 -0.929185
 19.404800 -14.858332 -0.835942
 19.429600 -14.877677 -0.718230
 19.454400 -14.893798 -0.578818
 19.479200 -14.906400 -0.437204
 19.504000 -14.915757 -0.324014
 19.528800 -14.922988 -0.272702
 19.553600 -14.929884 -0.297760
 19.578400 -14.938275 -0.387679
 19.603200 -14.949361 -0.506466
 19.628000 -14.963075 -0.593439
 19.652800 -14.978133 -0.605475
 19.677600 -14.992438 -0.530568
 19.702400 -15.003865 -0.379523
 19.727200 -15.010918 -0.192960
 19.752000 -15.013372 -0.013312
 19.776800 -15.011932 0.119137
 19.801600 -15.008117 0.173411
 19.826400 -15.004012 0.139742
 19.851200 -15.001741 0.032897
 19.876000 -15.002712 -0.123528
 19.900800 -15.007808 -0.285490
 19.925600 -15.016607 -0.412015
 19.950400 -15.027850 -0.478049
 19.975200 -15.039710 -0.466746
 20.000000 -15.072875 -0.385096
