#! FIELDS xydist projection
#! SET min_xydist 0.0
#! SET max_xydist 12.0
#! SET nbins_xydist  301
#! SET periodic_xydist false
    0.000000000   15.408634747
    0.040000000   12.284146050
    0.080000000   10.763897052
    0.120000000   10.532346991
    0.160000000   10.859444911
    0.200000000   11.124416394
    0.240000000   11.098224159
    0.280000000   10.876376784
    0.320000000   10.642788723
    0.360000000   10.496759550
    0.400000000   10.429729982
    0.440000000   10.350557203
    0.480000000   10.234452715
    0.520000000   10.092125155
    0.560000000    9.972348000
    0.600000000    9.893566783
    0.640000000    9.835010847
    0.680000000    9.784702006
    0.720000000    9.739144960
    0.760000000    9.695518430
    0.800000000    9.626296156
    0.840000000    9.495725214
    0.880000000    9.307836180
    0.920000000    9.120493643
    0.960000000    8.986962029
    1.000000000    8.925973831
    1.040000000    8.888340236
    1.080000000    8.815966713
    1.120000000    8.674095541
    1.160000000    8.478050509
    1.200000000    8.276859018
    1.240000000    8.119069583
    1.280000000    8.012664149
    1.320000000    7.927967017
    1.360000000    7.822374683
    1.400000000    7.695274606
    1.440000000    7.568791339
    1.480000000    7.460417841
    1.520000000    7.350829747
    1.560000000    7.216574342
    1.600000000    7.063690255
    1.640000000    6.925696319
    1.680000000    6.811193056
    1.720000000    6.693072592
    1.760000000    6.539250159
    1.800000000    6.350363917
    1.840000000    6.154919477
    1.880000000    5.981829251
    1.920000000    5.840673591
    1.960000000    5.719820899
    2.000000000    5.595475507
    2.040000000    5.457197273
    2.080000000    5.297402582
    2.120000000    5.120980816
    2.160000000    4.928864333
    2.200000000    4.728773254
    2.240000000    4.530728544
    2.280000000    4.337637433
    2.320000000    4.139455132
    2.360000000    3.927337253
    2.400000000    3.722586320
    2.440000000    3.572521462
    2.480000000    3.488268560
    2.520000000    3.420852728
    2.560000000    3.290839516
    2.600000000    3.076644349
    2.640000000    2.829526026
    2.680000000    2.629380099
    2.720000000    2.508994147
    2.760000000    2.428412486
    2.800000000    2.315750268
    2.840000000    2.134106181
    2.880000000    1.892257301
    2.920000000    1.644295795
    2.960000000    1.437004225
    3.000000000    1.296922378
    3.040000000    1.207195495
    3.080000000    1.141407746
    3.120000000    1.072794174
    3.160000000    0.978595794
    3.200000000    0.855694587
    3.240000000    0.704679831
    3.280000000    0.544167132
    3.320000000    0.395320330
    3.360000000    0.272224075
    3.400000000    0.174670787
    3.440000000    0.091810596
    3.480000000    0.028942554
    3.520000000    0.000000000
    3.560000000    0.016787471
    3.600000000    0.064470488
    3.640000000    0.128708992
    3.680000000    0.219015541
    3.720000000    0.368945433
    3.760000000    0.587633905
    3.800000000    0.848553685
    3.840000000    1.117505871
    3.880000000    1.385844021
    3.920000000    1.663292991
    3.960000000    1.942968729
    4.000000000    2.194299634
    4.040000000    2.400636457
    4.080000000    2.560346464
    4.120000000    2.673478703
    4.160000000    2.737363259
    4.200000000    2.770454236
    4.240000000    2.809759205
    4.280000000    2.890207273
    4.320000000    3.009970473
    4.360000000    3.141877375
    4.400000000    3.268093960
    4.440000000    3.390864593
    4.480000000    3.525769837
    4.520000000    3.687377354
    4.560000000    3.884149552
    4.600000000    4.115983820
    4.640000000    4.370858606
    4.680000000    4.625114241
    4.720000000    4.856867955
    4.760000000    5.069731402
    4.800000000    5.295940331
    4.840000000    5.592752413
    4.880000000    5.982189811
    4.920000000    6.439636722
    4.960000000    6.895096463
    5.000000000    7.294360170
    5.040000000    7.624996820
    5.080000000    7.937556260
    5.120000000    8.297201826
    5.160000000    8.734687064
    5.200000000    9.197827252
    5.240000000    9.622970943
    5.280000000   10.010036857
    5.320000000   10.395806761
    5.360000000   10.795495529
    5.400000000   11.189165508
    5.440000000   11.556428394
    5.480000000   11.888174824
    5.520000000   12.180194317
    5.560000000   12.433234928
    5.600000000   12.650443936
    5.640000000   12.821574952
    5.680000000   12.926673723
    5.720000000   12.958638110
    5.760000000   12.957722436
    5.800000000   12.970568553
    5.840000000   13.001874287
    5.880000000   13.029231720
    5.920000000   13.038990899
    5.960000000   13.044849441
    6.000000000   13.076459362
    6.040000000   13.136708334
    6.080000000   13.205403323
    6.120000000   13.251846285
    6.160000000   13.264703904
    6.200000000   13.253321834
    6.240000000   13.228713498
    6.280000000   13.200160501
    6.320000000   13.181774217
    6.360000000   13.179702387
    6.400000000   13.189157122
    6.440000000   13.184165173
    6.480000000   13.145457122
    6.520000000   13.073785070
    6.560000000   13.007102887
    6.600000000   12.996113242
    6.640000000   13.046688167
    6.680000000   13.110245995
    6.720000000   13.137699957
    6.760000000   13.114559432
    6.800000000   13.071088780
    6.840000000   13.055193293
    6.880000000   13.085388079
    6.920000000   13.118564425
    6.960000000   13.111685990
    7.000000000   13.059138657
    7.040000000   12.998268682
    7.080000000   12.968725134
    7.120000000   12.972413608
    7.160000000   12.978512986
    7.200000000   12.964881711
    7.240000000   12.927063864
    7.280000000   12.879354448
    7.320000000   12.828233238
    7.360000000   12.777286375
    7.400000000   12.737977049
    7.440000000   12.729114235
    7.480000000   12.741886147
    7.520000000   12.755975234
    7.560000000   12.754892163
    7.600000000   12.735250588
    7.640000000   12.704312196
    7.680000000   12.684652858
    7.720000000   12.679956290
    7.760000000   12.681765103
    7.800000000   12.674103812
    7.840000000   12.653350998
    7.880000000   12.631313893
    7.920000000   12.632188338
    7.960000000   12.659587121
    8.000000000   12.693916337
    8.040000000   12.708570690
    8.080000000   12.686516858
    8.120000000   12.637099045
    8.160000000   12.601258376
    8.200000000   12.612497441
    8.240000000   12.653400426
    8.280000000   12.674820677
    8.320000000   12.657339784
    8.360000000   12.614018420
    8.400000000   12.570898901
    8.440000000   12.538492298
    8.480000000   12.513903265
    8.520000000   12.496652204
    8.560000000   12.495069862
    8.600000000   12.504262388
    8.640000000   12.514293403
    8.680000000   12.522301049
    8.720000000   12.536904034
    8.760000000   12.573231462
    8.800000000   12.635692757
    8.840000000   12.702838976
    8.880000000   12.734589956
    8.920000000   12.714883201
    8.960000000   12.656632884
    9.000000000   12.591387856
    9.040000000   12.550879306
    9.080000000   12.534509519
    9.120000000   12.515809481
    9.160000000   12.475586304
    9.200000000   12.413996751
    9.240000000   12.346739010
    9.280000000   12.295144352
    9.320000000   12.268068532
    9.360000000   12.263526618
    9.400000000   12.274041913
    9.440000000   12.291011223
    9.480000000   12.302276913
    9.520000000   12.291712965
    9.560000000   12.255561075
    9.600000000   12.203337681
    9.640000000   12.143394098
    9.680000000   12.083515964
    9.720000000   12.039512769
    9.760000000   12.033271556
    9.800000000   12.061027924
    9.840000000   12.090696625
    9.880000000   12.088261773
    9.920000000   12.035529277
    9.960000000   11.943972269
   10.000000000   11.852425129
   10.040000000   11.796888495
   10.080000000   11.781023610
   10.120000000   11.772518738
   10.160000000   11.740126336
   10.200000000   11.675441971
   10.240000000   11.595128146
   10.280000000   11.534548919
   10.320000000   11.513719482
   10.360000000   11.527206631
   10.400000000   11.542961816
   10.440000000   11.538015221
   10.480000000   11.500985589
   10.520000000   11.436457023
   10.560000000   11.369097300
   10.600000000   11.333243162
   10.640000000   11.342396348
   10.680000000   11.360996940
   10.720000000   11.342346247
   10.760000000   11.258162224
   10.800000000   11.116640988
   10.840000000   10.961044096
   10.880000000   10.847037214
   10.920000000   10.811032513
   10.960000000   10.839082675
   11.000000000   10.883942762
   11.040000000   10.900634056
   11.080000000   10.868073516
   11.120000000   10.797067529
   11.160000000   10.713944763
   11.200000000   10.642005685
   11.240000000   10.602441563
   11.280000000   10.597569473
   11.320000000   10.609201155
   11.360000000   10.633525790
   11.400000000   10.674449210
   11.440000000   10.726288305
   11.480000000   10.755475124
   11.520000000   10.716985128
   11.560000000   10.606107706
   11.600000000   10.474638552
   11.640000000   10.398275375
   11.680000000   10.400198153
   11.720000000   10.436220392
   11.760000000   10.448276665
   11.800000000   10.417643905
   11.840000000   10.368005490
   11.880000000   10.319292871
   11.920000000   10.273307547
   11.960000000   10.229574823
   12.000000000   10.197482734
