#! FIELDS xydist projection
#! SET min_xydist 0.0
#! SET max_xydist 12.0
#! SET nbins_xydist  301
#! SET periodic_xydist false
    0.000000000   16.048162044
    0.040000000   12.256436660
    0.080000000   10.181557329
    0.120000000    9.586949535
    0.160000000    9.728390249
    0.200000000    9.924135006
    0.240000000    9.886882383
    0.280000000    9.668025724
    0.320000000    9.426930381
    0.360000000    9.268052773
    0.400000000    9.214424361
    0.440000000    9.205705374
    0.480000000    9.186598072
    0.520000000    9.128886567
    0.560000000    9.038340400
    0.600000000    8.930305573
    0.640000000    8.822717393
    0.680000000    8.717742229
    0.720000000    8.616834381
    0.760000000    8.523184972
    0.800000000    8.434676755
    0.840000000    8.341524112
    0.880000000    8.236221813
    0.920000000    8.121049038
    0.960000000    8.015666490
    1.000000000    7.958029019
    1.040000000    7.961105353
    1.080000000    7.986557659
    1.120000000    7.960978736
    1.160000000    7.837404622
    1.200000000    7.634970209
    1.240000000    7.427137743
    1.280000000    7.278009739
    1.320000000    7.196908027
    1.360000000    7.149888931
    1.400000000    7.077016534
    1.440000000    6.941037743
    1.480000000    6.761376186
    1.520000000    6.586800641
    1.560000000    6.442308873
    1.600000000    6.313995080
    1.640000000    6.168769650
    1.680000000    6.010463188
    1.720000000    5.866121611
    1.760000000    5.752054700
    1.800000000    5.667447065
    1.840000000    5.575622186
    1.880000000    5.452735620
    1.920000000    5.287891722
    1.960000000    5.095916716
    2.000000000    4.901175493
    2.040000000    4.725194094
    2.080000000    4.575224318
    2.120000000    4.448444301
    2.160000000    4.337482682
    2.200000000    4.227587310
    2.240000000    4.106756350
    2.280000000    3.983073791
    2.320000000    3.856704203
    2.360000000    3.724442984
    2.400000000    3.561509899
    2.440000000    3.356745514
    2.480000000    3.126756573
    2.520000000    2.914044699
    2.560000000    2.753847250
    2.600000000    2.647230891
    2.640000000    2.547211567
    2.680000000    2.421917324
    2.720000000    2.278975151
    2.760000000    2.148446286
    2.800000000    2.037981361
    2.840000000    1.919305612
    2.880000000    1.762970110
    2.920000000    1.584056507
    2.960000000    1.425813399
    3.000000000    1.301208074
    3.040000000    1.188180396
    3.080000000    1.052370745
    3.120000000    0.897266210
    3.160000000    0.761929018
    3.200000000    0.662691027
    3.240000000    0.585883721
    3.280000000    0.497262966
    3.320000000    0.393432988
    3.360000000    0.304830736
    3.400000000    0.246898567
    3.440000000    0.200628471
    3.480000000    0.138998013
    3.520000000    0.062031248
    3.560000000    0.001235605
    3.600000000    0.000000000
    3.640000000    0.078076777
    3.680000000    0.224671851
    3.720000000    0.411704565
    3.760000000    0.614778249
    3.800000000    0.830881352
    3.840000000    1.080951534
    3.880000000    1.389629419
    3.920000000    1.744078068
    3.960000000    2.086780463
    4.000000000    2.354070240
    4.040000000    2.539641738
    4.080000000    2.671514191
    4.120000000    2.779430432
    4.160000000    2.882123531
    4.200000000    2.988737495
    4.240000000    3.108799782
    4.280000000    3.230120073
    4.320000000    3.343466136
    4.360000000    3.448705713
    4.400000000    3.571312685
    4.440000000    3.739780096
    4.480000000    3.952493114
    4.520000000    4.181169199
    4.560000000    4.401531836
    4.600000000    4.622289996
    4.640000000    4.878953057
    4.680000000    5.191700161
    4.720000000    5.544058501
    4.760000000    5.907076494
    4.800000000    6.284868857
    4.840000000    6.694305859
    4.880000000    7.120077703
    4.920000000    7.532641096
    4.960000000    7.929613998
    5.000000000    8.332119412
    5.040000000    8.756336372
    5.080000000    9.190107928
    5.120000000    9.601039775
    5.160000000    9.964899197
    5.200000000   10.298203398
    5.240000000   10.641082176
    5.280000000   11.006872910
    5.320000000   11.376739473
    5.360000000   11.728805908
    5.400000000   12.068564765
    5.440000000   12.394737092
    5.480000000   12.695148438
    5.520000000   12.965971387
    5.560000000   13.218634797
    5.600000000   13.453301790
    5.640000000   13.661432215
    5.680000000   13.820128178
    5.720000000   13.929364682
    5.760000000   14.013455737
    5.800000000   14.107630905
    5.840000000   14.220308163
    5.880000000   14.335825081
    5.920000000   14.440802881
    5.960000000   14.545146510
    6.000000000   14.658964095
    6.040000000   14.770284314
    6.080000000   14.862871671
    6.120000000   14.937502222
    6.160000000   15.025067564
    6.200000000   15.156447371
    6.240000000   15.326378655
    6.280000000   15.489913932
    6.320000000   15.595425380
    6.360000000   15.624891430
    6.400000000   15.610110925
    6.440000000   15.602827023
    6.480000000   15.624891373
    6.520000000   15.661674134
    6.560000000   15.689046568
    6.600000000   15.694358747
    6.640000000   15.677244431
    6.680000000   15.641253430
    6.720000000   15.592549138
    6.760000000   15.546066947
    6.800000000   15.523596636
    6.840000000   15.537512336
    6.880000000   15.581142580
    6.920000000   15.634931302
    6.960000000   15.685215441
    7.000000000   15.731083244
    7.040000000   15.777294774
    7.080000000   15.810107727
    7.120000000   15.810310626
    7.160000000   15.789354369
    7.200000000   15.778395184
    7.240000000   15.785867275
    7.280000000   15.793178248
    7.320000000   15.774638993
    7.360000000   15.722360084
    7.400000000   15.665176941
    7.440000000   15.638554837
    7.480000000   15.641144745
    7.520000000   15.641202261
    7.560000000   15.616846710
    7.600000000   15.574734122
    7.640000000   15.527665474
    7.680000000   15.484408007
    7.720000000   15.447481484
    7.760000000   15.430414549
    7.800000000   15.439773462
    7.840000000   15.479788212
    7.880000000   15.537995414
    7.920000000   15.587641126
    7.960000000   15.606192067
    8.000000000   15.605594226
    8.040000000   15.626295564
    8.080000000   15.675782590
    8.120000000   15.718152183
    8.160000000   15.730717113
    8.200000000   15.726814676
    8.240000000   15.727607252
    8.280000000   15.734010579
    8.320000000   15.732794522
    8.360000000   15.720002743
    8.400000000   15.702451406
    8.440000000   15.687574187
    8.480000000   15.678114253
    8.520000000   15.678477328
    8.560000000   15.684435228
    8.600000000   15.686631090
    8.640000000   15.677498847
    8.680000000   15.660255336
    8.720000000   15.645240224
    8.760000000   15.634350377
    8.800000000   15.622852912
    8.840000000   15.604648579
    8.880000000   15.587821801
    8.920000000   15.580882469
    8.960000000   15.585155305
    9.000000000   15.590057227
    9.040000000   15.574922963
    9.080000000   15.529274684
    9.120000000   15.468359042
    9.160000000   15.413145861
    9.200000000   15.368650714
    9.240000000   15.329908292
    9.280000000   15.296947714
    9.320000000   15.271565240
    9.360000000   15.255641168
    9.400000000   15.249163606
    9.440000000   15.237435434
    9.480000000   15.196191878
    9.520000000   15.128136996
    9.560000000   15.069148983
    9.600000000   15.050180410
    9.640000000   15.079380825
    9.680000000   15.135733323
    9.720000000   15.173522950
    9.760000000   15.158915465
    9.800000000   15.090634096
    9.840000000   14.998427297
    9.880000000   14.933919575
    9.920000000   14.929042228
    9.960000000   14.967640738
   10.000000000   14.997676393
   10.040000000   14.973914521
   10.080000000   14.900951115
   10.120000000   14.808436315
   10.160000000   14.722942634
   10.200000000   14.654057193
   10.240000000   14.592007000
   10.280000000   14.532259650
   10.320000000   14.488361249
   10.360000000   14.485500102
   10.400000000   14.524620313
   10.440000000   14.567718315
   10.480000000   14.572245965
   10.520000000   14.525526784
   10.560000000   14.465728571
   10.600000000   14.428604297
   10.640000000   14.428326687
   10.680000000   14.445030722
   10.720000000   14.457347650
   10.760000000   14.461453540
   10.800000000   14.451019289
   10.840000000   14.409873648
   10.880000000   14.339368241
   10.920000000   14.272476068
   10.960000000   14.231700749
   11.000000000   14.219983669
   11.040000000   14.217018798
   11.080000000   14.217203061
   11.120000000   14.217205618
   11.160000000   14.204684695
   11.200000000   14.164028655
   11.240000000   14.095231148
   11.280000000   14.024804735
   11.320000000   13.979588148
   11.360000000   13.965767974
   11.400000000   13.963018807
   11.440000000   13.954281521
   11.480000000   13.940943066
   11.520000000   13.942798354
   11.560000000   13.967127589
   11.600000000   13.986467147
   11.640000000   13.957850521
   11.680000000   13.866675374
   11.720000000   13.749487794
   11.760000000   13.659508729
   11.800000000   13.626566322
   11.840000000   13.628591903
   11.880000000   13.617395537
   11.920000000   13.570412759
   11.960000000   13.522283399
   12.000000000   13.517369813
