#! FIELDS xydist projection
#! SET min_xydist 0.0
#! SET max_xydist 12.0
#! SET nbins_xydist  301
#! SET periodic_xydist false
    0.000000000   16.250543526
    0.040000000   13.056088714
    0.080000000   11.426622514
    0.120000000   11.035922886
    0.160000000   11.180852253
    0.200000000   11.308681412
    0.240000000   11.259936920
    0.280000000   11.128486562
    0.320000000   11.001415904
    0.360000000   10.859010366
    0.400000000   10.663260885
    0.440000000   10.417348134
    0.480000000   10.223737213
    0.520000000   10.142283318
    0.560000000   10.142473715
    0.600000000   10.135299859
    0.640000000   10.058068785
    0.680000000    9.924998514
    0.720000000    9.786854626
    0.760000000    9.679223958
    0.800000000    9.597275699
    0.840000000    9.507226179
    0.880000000    9.385541308
    0.920000000    9.236534034
    0.960000000    9.092835925
    1.000000000    8.982345074
    1.040000000    8.903655592
    1.080000000    8.829142545
    1.120000000    8.738414254
    1.160000000    8.627180081
    1.200000000    8.500254105
    1.240000000    8.356435432
    1.280000000    8.187310935
    1.320000000    8.000122844
    1.360000000    7.823808107
    1.400000000    7.688980801
    1.440000000    7.600136919
    1.480000000    7.533275977
    1.520000000    7.460131597
    1.560000000    7.357764665
    1.600000000    7.217120375
    1.640000000    7.050343946
    1.680000000    6.893174866
    1.720000000    6.766955828
    1.760000000    6.648850266
    1.800000000    6.482374985
    1.840000000    6.247034669
    1.880000000    5.985087610
    1.920000000    5.768058953
    1.960000000    5.627473675
    2.000000000    5.523947011
    2.040000000    5.401534377
    2.080000000    5.233726719
    2.120000000    5.040652682
    2.160000000    4.862669215
    2.200000000    4.707329198
    2.240000000    4.566599183
    2.280000000    4.416761447
    2.320000000    4.247443890
    2.360000000    4.065534190
    2.400000000    3.884006338
    2.440000000    3.709235741
    2.480000000    3.541532541
    2.520000000    3.390435923
    2.560000000    3.266758903
    2.600000000    3.153864993
    2.640000000    3.022022452
    2.680000000    2.872743619
    2.720000000    2.730612379
    2.760000000    2.605870746
    2.800000000    2.488382348
    2.840000000    2.356417224
    2.880000000    2.211012533
    2.920000000    2.058585067
    2.960000000    1.899081169
    3.000000000    1.717798989
    3.040000000    1.515528961
    3.080000000    1.322973353
    3.120000000    1.167520008
    3.160000000    1.039437070
    3.200000000    0.890670449
    3.240000000    0.689392574
    3.280000000    0.478145042
    3.320000000    0.320673479
    3.360000000    0.244750715
    3.400000000    0.200945240
    3.440000000    0.140923344
    3.480000000    0.058374846
    3.520000000    0.000000000
    3.560000000    0.007707778
    3.600000000    0.081111741
    3.640000000    0.194972067
    3.680000000    0.322768107
    3.720000000    0.475861407
    3.760000000    0.692610721
    3.800000000    0.976344886
    3.840000000    1.287634390
    3.880000000    1.584361436
    3.920000000    1.876499862
    3.960000000    2.193014270
    4.000000000    2.524811343
    4.040000000    2.814039199
    4.080000000    3.018227160
    4.120000000    3.160945123
    4.160000000    3.289874056
    4.200000000    3.434015535
    4.240000000    3.581193353
    4.280000000    3.701235772
    4.320000000    3.779986527
    4.360000000    3.840033136
    4.400000000    3.918704587
    4.440000000    4.040236896
    4.480000000    4.206533719
    4.520000000    4.403311660
    4.560000000    4.608720155
    4.600000000    4.812295762
    4.640000000    5.019117957
    4.680000000    5.258063489
    4.720000000    5.557185466
    4.760000000    5.916955336
    4.800000000    6.300386522
    4.840000000    6.670509499
    4.880000000    7.034136721
    4.920000000    7.427528968
    4.960000000    7.875503871
    5.000000000    8.353726343
    5.040000000    8.817071688
    5.080000000    9.270034583
    5.120000000    9.754932918
    5.160000000   10.274942566
    5.200000000   10.769821737
    5.240000000   11.173490455
    5.280000000   11.491777537
    5.320000000   11.791441255
    5.360000000   12.121879684
    5.400000000   12.459930189
    5.440000000   12.755740403
    5.480000000   13.001347394
    5.520000000   13.212456061
    5.560000000   13.403045545
    5.600000000   13.565009884
    5.640000000   13.690427206
    5.680000000   13.803672542
    5.720000000   13.920224302
    5.760000000   14.023562294
    5.800000000   14.091662139
    5.840000000   14.122715604
    5.880000000   14.137175363
    5.920000000   14.156945731
    5.960000000   14.187671181
    6.000000000   14.219352444
    6.040000000   14.234772311
    6.080000000   14.234488708
    6.120000000   14.235469656
    6.160000000   14.246839643
    6.200000000   14.268953955
    6.240000000   14.281554693
    6.280000000   14.266377919
    6.320000000   14.228226050
    6.360000000   14.190916834
    6.400000000   14.175171011
    6.440000000   14.188187228
    6.480000000   14.225964296
    6.520000000   14.263978871
    6.560000000   14.276610387
    6.600000000   14.253382440
    6.640000000   14.204063156
    6.680000000   14.149922601
    6.720000000   14.106644078
    6.760000000   14.076857052
    6.800000000   14.057956261
    6.840000000   14.047068745
    6.880000000   14.042582351
    6.920000000   14.037093269
    6.960000000   14.024889674
    7.000000000   14.002245921
    7.040000000   13.967687728
    7.080000000   13.920301248
    7.120000000   13.867146449
    7.160000000   13.833783038
    7.200000000   13.852356632
    7.240000000   13.925258919
    7.280000000   14.006472193
    7.320000000   14.034940871
    7.360000000   13.997594554
    7.400000000   13.935717382
    7.440000000   13.894116831
    7.480000000   13.885639549
    7.520000000   13.896174985
    7.560000000   13.905750147
    7.600000000   13.908019006
    7.640000000   13.909838892
    7.680000000   13.915533218
    7.720000000   13.919031810
    7.760000000   13.904758692
    7.800000000   13.870236046
    7.840000000   13.830206032
    7.880000000   13.800724496
    7.920000000   13.779737386
    7.960000000   13.752865194
    8.000000000   13.716003977
    8.040000000   13.676659806
    8.080000000   13.639570904
    8.120000000   13.610636134
    8.160000000   13.597531204
    8.200000000   13.596363394
    8.240000000   13.592218028
    8.280000000   13.567082279
    8.320000000   13.511218265
    8.360000000   13.447731459
    8.400000000   13.411052805
    8.440000000   13.412803656
    8.480000000   13.424366278
    8.520000000   13.409957511
    8.560000000   13.364921147
    8.600000000   13.304349683
    8.640000000   13.249710069
    8.680000000   13.200661823
    8.720000000   13.153648657
    8.760000000   13.118105708
    8.800000000   13.114952131
    8.840000000   13.143921703
    8.880000000   13.172412025
    8.920000000   13.173473260
    8.960000000   13.152725272
    9.000000000   13.136143947
    9.040000000   13.147883783
    9.080000000   13.181265420
    9.120000000   13.201156186
    9.160000000   13.194160671
    9.200000000   13.178835642
    9.240000000   13.166272193
    9.280000000   13.139675888
    9.320000000   13.077424294
    9.360000000   12.978403519
    9.400000000   12.882450672
    9.440000000   12.833369348
    9.480000000   12.841373017
    9.520000000   12.856887285
    9.560000000   12.828244450
    9.600000000   12.751465672
    9.640000000   12.669913768
    9.680000000   12.630426109
    9.720000000   12.644498840
    9.760000000   12.685204213
    9.800000000   12.721529816
    9.840000000   12.732520168
    9.880000000   12.717879879
    9.920000000   12.691128469
    9.960000000   12.654098457
   10.000000000   12.598793204
   10.040000000   12.516609366
   10.080000000   12.427101722
   10.120000000   12.366597842
   10.160000000   12.356995396
   10.200000000   12.389856048
   10.240000000   12.431401893
   10.280000000   12.449176748
   10.320000000   12.424516657
   10.360000000   12.347902096
   10.400000000   12.234707646
   10.440000000   12.129790091
   10.480000000   12.067736522
   10.520000000   12.054472444
   10.560000000   12.067939854
   10.600000000   12.092193085
   10.640000000   12.126633006
   10.680000000   12.164011437
   10.720000000   12.175827062
   10.760000000   12.142440129
   10.800000000   12.070375220
   10.840000000   11.992684866
   10.880000000   11.941226099
   10.920000000   11.917906084
   10.960000000   11.905485448
   11.000000000   11.889161027
   11.040000000   11.864786947
   11.080000000   11.827981619
   11.120000000   11.777456729
   11.160000000   11.705172081
   11.200000000   11.615901949
   11.240000000   11.535976680
   11.280000000   11.495633684
   11.320000000   11.496905020
   11.360000000   11.510622544
   11.400000000   11.492025975
   11.440000000   11.413263366
   11.480000000   11.289920278
   11.520000000   11.170119081
   11.560000000   11.101444774
   11.600000000   11.088212905
   11.640000000   11.084239718
   11.680000000   11.045241507
   11.720000000   10.985146379
   11.760000000   10.954951478
   11.800000000   10.993288846
   11.840000000   11.072587855
   11.880000000   11.122256305
   11.920000000   11.100635944
   11.960000000   11.016244671
   12.000000000   10.931211981
