#! FIELDS d1.y projection
#! SET min_d1.y -5.0
#! SET max_d1.y 12.0
#! SET nbins_d1.y  301
#! SET periodic_d1.y false
   -5.000000000   43.151304320
   -4.943333333   43.151292241
   -4.886666667   43.151269770
   -4.830000000   43.151213089
   -4.773333333   43.151081833
   -4.716666667   43.150802850
   -4.660000000   43.150258478
   -4.603333333   43.149282939
   -4.546666667   43.147669830
   -4.490000000   43.145232495
   -4.433333333   43.141863035
   -4.376666667   43.137656517
   -4.320000000   43.133003148
   -4.263333333   43.128556942
   -4.206666667   43.125103388
   -4.150000000   43.122950900
   -4.093333333   43.121525464
   -4.036666667   43.119116755
   -3.980000000   43.113181245
   -3.923333333   43.100643986
   -3.866666667   43.077843356
   -3.810000000   43.040300138
   -3.753333333   42.982478990
   -3.696666667   42.897993728
   -3.640000000   42.780585406
   -3.583333333   42.626444382
   -3.526666667   42.437576528
   -3.470000000   42.222968987
   -3.413333333   41.996296163
   -3.356666667   41.767689110
   -3.300000000   41.535488346
   -3.243333333   41.285823612
   -3.186666667   40.997111741
   -3.130000000   40.647859889
   -3.073333333   40.226540857
   -3.016666667   39.742109428
   -2.960000000   39.226512658
   -2.903333333   38.723478440
   -2.846666667   38.267236415
   -2.790000000   37.869443730
   -2.733333333   37.522266167
   -2.676666667   37.207609293
   -2.620000000   36.911290271
   -2.563333333   36.628574481
   -2.506666667   36.362404181
   -2.450000000   36.115160839
   -2.393333333   35.884220256
   -2.336666667   35.655473045
   -2.280000000   35.410213156
   -2.223333333   35.130661813
   -2.166666667   34.814937108
   -2.110000000   34.475793423
   -2.053333333   34.126987238
   -1.996666667   33.780908986
   -1.940000000   33.450667400
   -1.883333333   33.143384831
   -1.826666667   32.852730220
   -1.770000000   32.572359673
   -1.713333333   32.303857325
   -1.656666667   32.066583717
   -1.600000000   31.885481893
   -1.543333333   31.771590299
   -1.486666667   31.716527412
   -1.430000000   31.696629743
   -1.373333333   31.681723448
   -1.316666667   31.642506294
   -1.260000000   31.563807594
   -1.203333333   31.449032275
   -1.146666667   31.322015876
   -1.090000000   31.219725570
   -1.033333333   31.169777131
   -0.976666667   31.180647980
   -0.920000000   31.240503922
   -0.863333333   31.327464124
   -0.806666667   31.426218436
   -0.750000000   31.530711567
   -0.693333333   31.642848873
   -0.636666667   31.763426824
   -0.580000000   31.891862201
   -0.523333333   32.035456201
   -0.466666667   32.195248803
   -0.410000000   32.368895795
   -0.353333333   32.537302924
   -0.296666667   32.678157330
   -0.240000000   32.772518269
   -0.183333333   32.825504984
   -0.126666667   32.856701838
   -0.070000000   32.896912929
   -0.013333333   32.975902013
    0.043333333   33.128174659
    0.100000000   33.381807359
    0.156666667   33.748189927
    0.213333333   34.208005301
    0.270000000   34.714508438
    0.326666667   35.210454460
    0.383333333   35.651795226
    0.440000000   36.021249083
    0.496666667   36.328298372
    0.553333333   36.603332523
    0.610000000   36.882166759
    0.666666667   37.197226683
    0.723333333   37.562536381
    0.780000000   37.973054021
    0.836666667   38.410663267
    0.893333333   38.846744373
    0.950000000   39.260830538
    1.006666667   39.642067434
    1.063333333   39.999344996
    1.120000000   40.353165117
    1.176666667   40.722685984
    1.233333333   41.106127281
    1.290000000   41.483403070
    1.346666667   41.826197664
    1.403333333   42.118609675
    1.460000000   42.355299019
    1.516666667   42.541169636
    1.573333333   42.685798135
    1.630000000   42.799224173
    1.686666667   42.890138714
    1.743333333   42.963693300
    1.800000000   43.021802962
    1.856666667   43.065882140
    1.913333333   43.097493843
    1.970000000   43.118991699
    2.026666667   43.132863771
    2.083333333   43.141321195
    2.140000000   43.146196458
    2.196666667   43.148857214
    2.253333333   43.150236505
    2.310000000   43.150861799
    2.366666667   43.151147833
    2.423333333   43.151269918
    2.480000000   43.151283463
    2.536666667   43.151225094
    2.593333333   43.151099126
    2.650000000   43.150798186
    2.706666667   43.150173524
    2.763333333   43.148931865
    2.820000000   43.146693229
    2.876666667   43.142912922
    2.933333333   43.136990726
    2.990000000   43.128360816
    3.046666667   43.116598938
    3.103333333   43.101645285
    3.160000000   43.083759944
    3.216666667   43.063364949
    3.273333333   43.040381220
    3.330000000   43.013956203
    3.386666667   42.982229188
    3.443333333   42.942179262
    3.500000000   42.889121998
    3.556666667   42.815895903
    3.613333333   42.711854237
    3.670000000   42.562247355
    3.726666667   42.349733580
    3.783333333   42.058863022
    3.840000000   41.684037005
    3.896666667   41.235412171
    3.953333333   40.736347232
    4.010000000   40.212868309
    4.066666667   39.688636320
    4.123333333   39.181406035
    4.180000000   38.702440409
    4.236666667   38.254414462
    4.293333333   37.829452942
    4.350000000   37.406969226
    4.406666667   36.957622826
    4.463333333   36.450407624
    4.520000000   35.866746103
    4.576666667   35.211971898
    4.633333333   34.514687892
    4.690000000   33.810892695
    4.746666667   33.124521839
    4.803333333   32.464245662
    4.860000000   31.820501040
    4.916666667   31.173912786
    4.973333333   30.506106411
    5.030000000   29.806488920
    5.086666667   29.077981065
    5.143333333   28.337026928
    5.200000000   27.607109517
    5.256666667   26.912548398
    5.313333333   26.262298533
    5.370000000   25.643388214
    5.426666667   25.029703434
    5.483333333   24.396593727
    5.540000000   23.734939600
    5.596666667   23.046188921
    5.653333333   22.345123150
    5.710000000   21.647716213
    5.766666667   20.962651103
    5.823333333   20.286250609
    5.880000000   19.610965180
    5.936666667   18.934197682
    5.993333333   18.260669518
    6.050000000   17.595792543
    6.106666667   16.935934814
    6.163333333   16.273759167
    6.220000000   15.607866682
    6.276666667   14.939608440
    6.333333333   14.269299849
    6.390000000   13.598106297
    6.446666667   12.935383002
    6.503333333   12.291298317
    6.560000000   11.671785548
    6.616666667   11.070139523
    6.673333333   10.477929312
    6.730000000    9.891520657
    6.786666667    9.312699018
    6.843333333    8.743048320
    6.900000000    8.184903102
    6.956666667    7.641968106
    7.013333333    7.120263562
    7.070000000    6.626287493
    7.126666667    6.161192929
    7.183333333    5.721366370
    7.240000000    5.296513178
    7.296666667    4.879713616
    7.353333333    4.460171712
    7.410000000    4.035182569
    7.466666667    3.608873080
    7.523333333    3.189626536
    7.580000000    2.791374377
    7.636666667    2.423953545
    7.693333333    2.095196617
    7.750000000    1.803201122
    7.806666667    1.542729157
    7.863333333    1.307198111
    7.920000000    1.090885403
    7.976666667    0.891870606
    8.033333333    0.709832941
    8.090000000    0.544086339
    8.146666667    0.395224186
    8.203333333    0.265152436
    8.260000000    0.155482010
    8.316666667    0.071375390
    8.373333333    0.018166245
    8.430000000    0.000000000
    8.486666667    0.020389287
    8.543333333    0.079759463
    8.600000000    0.177420099
    8.656666667    0.309580970
    8.713333333    0.475053649
    8.770000000    0.673350920
    8.826666667    0.904582322
    8.883333333    1.173437346
    8.940000000    1.478788440
    8.996666667    1.816078469
    9.053333333    2.182033414
    9.110000000    2.576138875
    9.166666667    3.005856411
    9.223333333    3.479369511
    9.280000000    4.007276268
    9.336666667    4.588151180
    9.393333333    5.213986141
    9.450000000    5.876515271
    9.506666667    6.570111589
    9.563333333    7.299503887
    9.620000000    8.070719382
    9.676666667    8.895080750
    9.733333333    9.774746299
    9.790000000   10.705816421
    9.846666667   11.679201967
    9.903333333   12.692025772
    9.960000000   13.748133741
   10.016666667   14.855212480
   10.073333333   16.019856391
   10.130000000   17.243121612
   10.186666667   18.516694893
   10.243333333   19.830648017
   10.300000000   21.176639539
   10.356666667   22.552029348
   10.413333333   23.969594322
   10.470000000   25.456847620
   10.526666667   27.053268565
   10.583333333   28.799548632
   10.640000000   30.718994831
   10.696666667   32.794731289
   10.753333333   34.951005826
   10.810000000   37.055981495
   10.866666667   38.941358713
   10.923333333   40.453464984
   10.980000000   41.525881968
   11.036666667   42.210797216
   11.093333333   42.619403533
   11.150000000   42.855330036
   11.206666667   42.989610667
   11.263333333   43.065195876
   11.320000000   43.107160938
   11.376666667   43.129635242
   11.433333333   43.141250830
   11.490000000   43.146989370
   11.546666667   43.149563195
   11.603333333   43.150642828
   11.660000000   43.151105174
   11.716666667   43.151266679
   11.773333333   43.151304320
   11.830000000   43.151304320
   11.886666667   43.151304320
   11.943333333   43.151304320
   12.000000000   43.151304320
