#! FIELDS d1.x projection
#! SET min_d1.x -5.0
#! SET max_d1.x 31.0
#! SET nbins_d1.x  301
#! SET periodic_d1.x false
   -5.000000000   32.542484171
   -4.880000000   32.542484171
   -4.760000000   32.542484171
   -4.640000000   32.542484171
   -4.520000000   32.542484171
   -4.400000000   32.542484171
   -4.280000000   32.542484171
   -4.160000000   32.542484171
   -4.040000000   32.542484171
   -3.920000000   32.542426466
   -3.800000000   32.542002407
   -3.680000000   32.539671136
   -3.560000000   32.530693858
   -3.440000000   32.505834460
   -3.320000000   32.455807307
   -3.200000000   32.384655582
   -3.080000000   32.310407042
   -2.960000000   32.220652594
   -2.840000000   32.049891959
   -2.720000000   31.742103321
   -2.600000000   31.343002939
   -2.480000000   30.951811437
   -2.360000000   30.545124753
   -2.240000000   30.043658662
   -2.120000000   29.393829188
   -2.000000000   28.690252415
   -1.880000000   28.061552705
   -1.760000000   27.491820664
   -1.640000000   26.967027877
   -1.520000000   26.442749711
   -1.400000000   25.960767491
   -1.280000000   25.544514811
   -1.160000000   24.980706803
   -1.040000000   24.130689706
   -0.920000000   23.204818244
   -0.800000000   22.579281323
   -0.680000000   22.236100526
   -0.560000000   21.817561551
   -0.440000000   21.190669910
   -0.320000000   20.409993755
   -0.200000000   19.699728604
   -0.080000000   19.183363003
    0.040000000   18.765382035
    0.160000000   18.312067775
    0.280000000   17.668663387
    0.400000000   16.958056939
    0.520000000   16.424579569
    0.640000000   16.031626838
    0.760000000   15.600612667
    0.880000000   15.109479340
    1.000000000   14.637887177
    1.120000000   14.287462887
    1.240000000   14.004148467
    1.360000000   13.785134566
    1.480000000   13.600983231
    1.600000000   13.241283742
    1.720000000   12.766263565
    1.840000000   12.354477542
    1.960000000   12.101896784
    2.080000000   11.924773859
    2.200000000   11.732385159
    2.320000000   11.484479038
    2.440000000   11.236400874
    2.560000000   11.032296226
    2.680000000   10.856302824
    2.800000000   10.609193409
    2.920000000   10.352356586
    3.040000000   10.151253866
    3.160000000    9.914236064
    3.280000000    9.661139963
    3.400000000    9.585673733
    3.520000000    9.711266196
    3.640000000    9.816689269
    3.760000000    9.706764012
    3.880000000    9.533080312
    4.000000000    9.527562867
    4.120000000    9.626511184
    4.240000000    9.617003928
    4.360000000    9.524814930
    4.480000000    9.529522488
    4.600000000    9.619340019
    4.720000000    9.654278594
    4.840000000    9.565736318
    4.960000000    9.443512007
    5.080000000    9.341535039
    5.200000000    9.244721264
    5.320000000    9.202057733
    5.440000000    9.295529021
    5.560000000    9.560546083
    5.680000000    9.831056023
    5.800000000    9.926025188
    5.920000000    9.930893704
    6.040000000   10.022871383
    6.160000000   10.141885200
    6.280000000   10.194161390
    6.400000000   10.296078301
    6.520000000   10.549183051
    6.640000000   10.832275279
    6.760000000   11.033389602
    6.880000000   11.197205691
    7.000000000   11.422593194
    7.120000000   11.747011676
    7.240000000   12.095290150
    7.360000000   12.372608174
    7.480000000   12.604594893
    7.600000000   12.821722407
    7.720000000   13.007235089
    7.840000000   13.224418055
    7.960000000   13.489143072
    8.080000000   13.635086782
    8.200000000   13.529559635
    8.320000000   13.226958013
    8.440000000   12.799311617
    8.560000000   12.257912991
    8.680000000   11.648866685
    8.800000000   11.030901837
    8.920000000   10.382533397
    9.040000000    9.653984274
    9.160000000    8.868993512
    9.280000000    8.165571746
    9.400000000    7.669779122
    9.520000000    7.278684338
    9.640000000    6.844393463
    9.760000000    6.420733280
    9.880000000    6.106923994
   10.000000000    5.773752203
   10.120000000    5.322627861
   10.240000000    4.874786617
   10.360000000    4.541585304
   10.480000000    4.265633842
   10.600000000    3.938796685
   10.720000000    3.562342060
   10.840000000    3.217129280
   10.960000000    2.958030342
   11.080000000    2.765287007
   11.200000000    2.595605739
   11.320000000    2.427829600
   11.440000000    2.316848809
   11.560000000    2.273201471
   11.680000000    2.234614611
   11.800000000    2.172048927
   11.920000000    2.097108828
   12.040000000    1.950411820
   12.160000000    1.744221982
   12.280000000    1.549174708
   12.400000000    1.375515795
   12.520000000    1.250091651
   12.640000000    1.145919746
   12.760000000    0.992166240
   12.880000000    0.806064973
   13.000000000    0.699758307
   13.120000000    0.679450527
   13.240000000    0.624132256
   13.360000000    0.505334824
   13.480000000    0.399865712
   13.600000000    0.352110072
   13.720000000    0.353403305
   13.840000000    0.304061762
   13.960000000    0.143248533
   14.080000000    0.017101379
   14.200000000    0.017321425
   14.320000000    0.064496796
   14.440000000    0.122250898
   14.560000000    0.250075642
   14.680000000    0.265010093
   14.800000000    0.087725331
   14.920000000    0.000000000
   15.040000000    0.158817271
   15.160000000    0.378569683
   15.280000000    0.535341541
   15.400000000    0.684302125
   15.520000000    0.821924160
   15.640000000    0.979489697
   15.760000000    1.186813190
   15.880000000    1.370824007
   16.000000000    1.518310958
   16.120000000    1.742480265
   16.240000000    2.022865739
   16.360000000    2.203395285
   16.480000000    2.289801335
   16.600000000    2.472942984
   16.720000000    2.875783650
   16.840000000    3.405193961
   16.960000000    3.849295615
   17.080000000    4.043637060
   17.200000000    4.111732035
   17.320000000    4.334165751
   17.440000000    4.737725796
   17.560000000    5.087274698
   17.680000000    5.375447003
   17.800000000    5.796705280
   17.920000000    6.338740837
   18.040000000    6.774182017
   18.160000000    7.089895138
   18.280000000    7.430816026
   18.400000000    7.832429542
   18.520000000    8.279475255
   18.640000000    8.693489239
   18.760000000    9.057980387
   18.880000000    9.470080307
   19.000000000   10.005578200
   19.120000000   10.700907353
   19.240000000   11.473141453
   19.360000000   12.058942812
   19.480000000   12.430617914
   19.600000000   13.002392372
   19.720000000   13.965692587
   19.840000000   14.926856590
   19.960000000   15.591967982
   20.080000000   16.154279422
   20.200000000   16.792027803
   20.320000000   17.389592775
   20.440000000   17.920156715
   20.560000000   18.548064801
   20.680000000   19.231585584
   20.800000000   19.937913212
   20.920000000   20.739246397
   21.040000000   21.608089830
   21.160000000   22.468129393
   21.280000000   23.286164438
   21.400000000   23.996774376
   21.520000000   24.552691359
   21.640000000   25.195379215
   21.760000000   26.126313662
   21.880000000   27.145448635
   22.000000000   28.013074445
   22.120000000   28.785018366
   22.240000000   29.555118598
   22.360000000   30.311581704
   22.480000000   30.966162014
   22.600000000   31.445730811
   22.720000000   31.752271022
   22.840000000   31.929542863
   22.960000000   32.043452680
   23.080000000   32.152629197
   23.200000000   32.288483673
   23.320000000   32.414940700
   23.440000000   32.492774709
   23.560000000   32.527338747
   23.680000000   32.538978916
   23.800000000   32.541899278
   23.920000000   32.542484171
   24.040000000   32.542484171
   24.160000000   32.542484171
   24.280000000   32.542484171
   24.400000000   32.542484171
   24.520000000   32.542484171
   24.640000000   32.542484171
   24.760000000   32.542484171
   24.880000000   32.542484171
   25.000000000   32.542484171
   25.120000000   32.542484171
   25.240000000   32.542484171
   25.360000000   32.542484171
   25.480000000   32.542484171
   25.600000000   32.542484171
   25.720000000   32.542484171
   25.840000000   32.542484171
   25.960000000   32.542484171
   26.080000000   32.542484171
   26.200000000   32.542484171
   26.320000000   32.542484171
   26.440000000   32.542484171
   26.560000000   32.542484171
   26.680000000   32.542484171
   26.800000000   32.542484171
   26.920000000   32.542484171
   27.040000000   32.542484171
   27.160000000   32.542484171
   27.280000000   32.542484171
   27.400000000   32.542484171
   27.520000000   32.542484171
   27.640000000   32.542484171
   27.760000000   32.542484171
   27.880000000   32.542484171
   28.000000000   32.542484171
   28.120000000   32.542484171
   28.240000000   32.542484171
   28.360000000   32.542484171
   28.480000000   32.542484171
   28.600000000   32.542484171
   28.720000000   32.542484171
   28.840000000   32.542484171
   28.960000000   32.542484171
   29.080000000   32.542484171
   29.200000000   32.542484171
   29.320000000   32.542484171
   29.440000000   32.542484171
   29.560000000   32.542484171
   29.680000000   32.542484171
   29.800000000   32.542484171
   29.920000000   32.542484171
   30.040000000   32.542484171
   30.160000000   32.542484171
   30.280000000   32.542484171
   30.400000000   32.542484171
   30.520000000   32.542484171
   30.640000000   32.542484171
   30.760000000   32.542484171
   30.880000000   32.542484171
   31.000000000   32.542484171
