#force lastTime lastAccelaration 
-50.0 1542200.073251 17511.925546 
-50.0 3480800.165329 6579234.068828 
-50.0 3271200.155374 7595505.773020 
-50.0 3956000.187900 136508816.313925 
-50.0 3835800.182191 16430632.580818 
-50.0 3801800.180576 45942108.584393 
-50.0 4148200.197029 19313410.137225 
-50.0 5065200.240584 1101230160.100151 
-50.0 4532800.215296 112755434.528812 
-50.0 4021000.190987 80662361.742550 
-50.0 4120800.195727 55310154.953207 
-50.0 4224600.200658 127044606.508236 
-50.0 3802400.180604 24133749.194905 
-50.0 3670400.174335 22883997.585431 
-50.0 4049800.192355 77987732.919111 
-50.0 4587200.217880 481397550.156344 
-50.0 4422400.210053 184407637.964613 
-50.0 3229600.153398 4700918.456970 
-50.0 4143800.196820 43861353.906890 
-50.0 5469000.259764 1570285541.487852 
-48.0 3716600.176529 67268400.140757 
-48.0 5408600.256895 711858633.566545 
-48.0 3328400.158091 4058436.561576 
-48.0 3933400.186826 50155097.536553 
-48.0 4384200.208238 473759578.757682 
-48.0 5092800.241895 790629840.206062 
-48.0 4666800.221661 253166473.197252 
-48.0 3600200.171000 45236112.903549 
-48.0 4756000.225898 160859292.780527 
-48.0 4190800.199052 250895948.638149 
-48.0 3848200.182780 76162588.354029 
-48.0 3268800.155260 7462079.609063 
-48.0 2695800.128044 1109011.672815 
-48.0 4188800.198957 61528769.364276 
-48.0 5277800.250682 367549952.092909 
-48.0 4604600.218707 263374952.035499 
-48.0 3248200.154281 19922294.497924 
-48.0 5214000.247652 186676382.366814 
-48.0 3308400.157141 12391343.971100 
-48.0 4683600.222459 477916541.282955 
-46.0 4506000.214024 262621423.555675 
-46.0 4664000.221528 397685368.794920 
-46.0 4622800.219571 209048915.201782 
-46.0 4094600.194483 82469859.634308 
-46.0 5423000.257579 1939125105.685542 
-46.0 6376000.302844 7774074268.392252 
-46.0 4725000.224425 650507608.823208 
-46.0 4552000.216208 114759460.138033 
-46.0 4105600.195006 170306735.977200 
-46.0 4077400.193666 73125392.314555 
-46.0 5867000.278668 3066326953.540825 
-46.0 3922600.186314 28137429.565417 
-46.0 5221000.247984 701493780.996533 
-46.0 4305000.204477 186991899.232661 
-46.0 4059400.192811 19220064.104151 
-46.0 5368800.255004 3431991990.458666 
-46.0 4178600.198473 124902640.648177 
-46.0 4404200.209188 195975674.430619 
-46.0 3347000.158974 28292982.837878 
-46.0 3921800.186276 28311226.527122 
-44.0 4509000.214166 71954115.511498 
-44.0 3935400.186921 29581359.721128 
-44.0 5140800.244175 653581726.096689 
-44.0 5485800.260562 2141881678.164715 
-44.0 3740400.177659 30487955.205895 
-44.0 5033600.239083 576270342.014906 
-44.0 5072200.240917 601745534.072738 
-44.0 3664600.174059 46195304.606130 
-44.0 4586200.217833 241404968.115319 
-44.0 5218000.247842 2015490848.261751 
-44.0 4078000.193695 94219332.934660 
-44.0 5366800.254909 2361377712.831381 
-44.0 3044800.144620 2774525.603065 
-44.0 3295400.156523 12301298.221181 
-44.0 5818200.276350 5872650872.747819 
-44.0 4776200.226857 205580262.098638 
-44.0 4396400.208818 270604078.561324 
-44.0 5467600.259697 1748169509.241678 
-44.0 3857400.183217 44060133.948186 
-44.0 4876400.231617 279285847.842797 
-42.0 5997600.284871 1641343521.761336 
-42.0 4625200.219685 342548194.388564 
-42.0 4733200.224815 324269602.282224 
-42.0 4486600.213102 282891899.563509 
-42.0 6323000.300326 8691037162.579531 
-42.0 5649800.268351 2160236161.469196 
-42.0 4692000.222858 528798801.510267 
-42.0 4735400.224919 263454634.207701 
-42.0 3349800.159107 6705970.401610 
-42.0 5436600.258225 846105588.141177 
-42.0 3743400.177802 62322667.419038 
-42.0 5584000.265226 1667700218.766228 
-42.0 4932400.234276 348447503.000924 
-42.0 3130200.148677 2104462.226166 
-42.0 3351200.159173 16528876.293723 
-42.0 5307800.252107 1148648611.649063 
-42.0 2713800.128899 2516288.274370 
-42.0 4512800.214346 228067348.625232 
-42.0 4232200.201019 155593719.721868 
-42.0 4047800.192260 155982614.270891 
-40.0 3292600.156390 13946327.502091 
-40.0 4427400.210290 227735881.967278 
-40.0 3752800.178248 59425998.219370 
-40.0 5387600.255897 601458328.095621 
-40.0 5032400.239026 673158072.329472 
-40.0 5015000.238200 515879907.099455 
-40.0 5511200.261768 879300870.406975 
-40.0 3380200.160551 28569509.306818 
-40.0 4095400.194521 121084266.241860 
-40.0 4717400.224064 355596249.117675 
-40.0 4606600.218802 500607274.589888 
-40.0 3607400.171342 50802186.231381 
-40.0 4478000.212694 47018150.568964 
-40.0 5012600.238086 373026792.921728 
-40.0 3932200.186769 47061223.474446 
-40.0 6281200.298341 7059613753.507186 
-40.0 5674800.269539 5700790562.846461 
-40.0 5419800.257427 1632192144.261411 
-40.0 5234400.248621 810943315.794438 
-40.0 5116800.243035 1317919675.100584 
-38.0 3754200.178315 45846706.831166 
-38.0 5407400.256838 2220061144.847580 
-38.0 6015600.285726 1515982843.203756 
-38.0 5641200.267943 1319002898.833167 
-38.0 3938400.187064 120249565.972683 
-38.0 4153600.197285 55573533.447376 
-38.0 4507800.214109 446997466.577900 
-38.0 3863200.183492 90429682.328030 
-38.0 4863400.230999 322125395.106004 
-38.0 3728400.177089 31990834.850944 
-38.0 4632600.220037 221040776.533977 
-38.0 6408400.304383 7259051052.651084 
-38.0 4374000.207754 102553387.968821 
-38.0 4186600.198853 226302607.097929 
-38.0 3888600.184699 44322635.715113 
-38.0 3616000.171751 11445155.819651 
-38.0 4892800.232396 592095310.167667 
-38.0 5084600.241506 545256551.894716 
-38.0 4454200.211563 225091189.029894 
-38.0 3170200.150576 12510809.811710 
-36.0 4466200.212133 561869948.238124 
-36.0 5955400.282866 3086348713.066579 
-36.0 5774600.274279 3455824562.302801 
-36.0 4614800.219191 291982953.348949 
-36.0 4118200.195604 51825433.882329 
-36.0 4386000.208324 167195785.251931 
-36.0 6182800.293667 11852658998.408762 
-36.0 5219000.247889 621147843.423204 
-36.0 4065800.193115 34499307.711995 
-36.0 4263000.202482 378664799.539554 
-36.0 4822600.229061 379265407.523280 
-36.0 4407800.209359 211995681.316992 
-36.0 6200800.294522 4556682727.065221 
-36.0 5597200.265853 3077974428.497372 
-36.0 5467400.259688 1898194726.113939 
-36.0 5828800.276853 1987512357.996109 
-36.0 4485400.213045 183851523.281106 
-36.0 4843200.230040 421439666.094793 
-36.0 6485800.308059 2915806399.024114 
-36.0 2813200.133620 1563688.556678 
-34.0 5479800.260277 1230669491.062651 
-34.0 4917200.233554 411776098.679575 
-34.0 3207200.152334 8092998.570134 
-34.0 5949200.282572 3208334682.667474 
-34.0 6431200.305466 7086197848.461726 
-34.0 5357800.254482 1807373187.743101 
-34.0 4697000.223096 245382622.677593 
-34.0 4915400.233469 626326338.029395 
-34.0 5140400.244156 687332277.820461 
-34.0 5115600.242978 1127981300.604899 
-34.0 4385600.208305 154311690.761805 
-34.0 4096600.194578 63448401.889657 
-34.0 5613800.266641 3387809762.292506 
-34.0 3916400.186019 30790319.248190 
-34.0 4405600.209255 213226025.908126 
-34.0 5176400.245866 536059765.993946 
-34.0 4427200.210281 87879282.082355 
-34.0 6343200.301286 3832582186.413702 
-34.0 4877200.231655 1740879879.597045 
-34.0 4323400.205350 45370444.553988 
-32.0 4195000.199252 74732991.792626 
-32.0 4229000.200867 103108226.980824 
-32.0 6345800.301409 6865100698.901461 
-32.0 4843200.230040 411956855.503821 
-32.0 6045200.287132 6489639323.935150 
-32.0 4517200.214555 214706364.701248 
-32.0 5408000.256866 725065652.594930 
-32.0 5032400.239026 543158513.490672 
-32.0 3604400.171200 9176588.832296 
-32.0 6358200.301998 3828846224.146463 
-32.0 4665200.221585 245534927.736060 
-32.0 4878200.231702 512499215.627930 
-32.0 5852000.277955 1282829608.554861 
-32.0 4028000.191320 133751892.760414 
-32.0 5907600.280596 3965848740.964773 
-32.0 5828000.276815 12357755122.058151 
-32.0 4833200.229565 510848688.878504 
-32.0 6511800.309294 10369298839.303402 
-32.0 5104600.242455 309624391.373449 
-32.0 5460400.259355 1111553675.900491 
-30.0 6686800.317606 10791988554.804808 
-30.0 6935600.329423 15917604586.765785 
-30.0 3734600.177384 35150893.649734 
-30.0 6822000.324028 12034505534.405882 
-30.0 5182800.246170 1222487434.520250 
-30.0 4643600.220559 668485060.648541 
-30.0 4584000.217728 245583506.540501 
-30.0 5157000.244944 349568915.438410 
-30.0 4227600.200800 125537664.851781 
-30.0 6323000.300326 23079822080.327248 
-30.0 4576200.217358 175275697.998126 
-30.0 4286400.203593 124044170.135457 
-30.0 5101800.242322 1315609844.332261 
-30.0 5584200.265235 2657839795.970128 
-30.0 5801400.275552 9365813738.992794 
-30.0 5550800.263649 1259505756.382282 
-30.0 4873000.231455 453888298.793377 
-30.0 6409200.304421 16785801262.992706 
-30.0 5798600.275419 2112722128.487840 
-30.0 3908200.185630 48270229.420446 
-28.0 4695000.223001 849494901.335335 
-28.0 3250200.154376 30718915.658408 
-28.0 6339400.301105 8296424168.502597 
-28.0 5391800.256097 1109325293.517212 
-28.0 4887200.232130 318981655.112569 
-28.0 5625000.267173 2420295111.917033 
-28.0 5254600.249580 2987607791.765370 
-28.0 5670800.269349 2032943914.741858 
-28.0 6168000.292964 10841145354.089544 
-28.0 6936800.329480 55393360527.912575 
-28.0 5912000.280805 7610794974.333023 
-28.0 4578800.217481 293318599.763740 
-28.0 4012800.190598 42252946.481881 
-28.0 5459000.259289 1567799251.237484 
-28.0 5281800.250872 1115001900.119773 
-28.0 7396400.351310 26186981507.173420 
-28.0 6152000.292204 6647134688.754874 
-28.0 6952400.330221 25181885227.840160 
-28.0 4479200.212751 200085571.375775 
-28.0 4933400.234324 600616284.689411 
-26.0 5304800.251964 2155436433.804195 
-26.0 5419600.257417 2661324374.120720 
-26.0 5434200.258111 1416815123.608065 
-26.0 6114400.290418 5195602222.485204 
-26.0 5585000.265273 2593178238.218445 
-26.0 5608000.266366 4685274568.681424 
-26.0 5974000.283750 8221919391.966293 
-26.0 5298200.251651 881385778.533389 
-26.0 6298600.299167 7835213276.143956 
-26.0 6953000.330250 38446733817.931404 
-26.0 4981000.236585 850477520.649696 
-26.0 6298800.299177 6924620161.159012 
-26.0 4665800.221614 267157307.901030 
-26.0 5002800.237620 1245646645.965052 
-26.0 3702400.175855 68439591.609375 
-26.0 6463000.306976 8784737492.196764 
-26.0 4886200.232082 536275573.451665 
-26.0 5988600.284443 7554641336.152825 
-26.0 6241200.296441 6959146192.932906 
-26.0 4565600.216854 501523610.454713 
-24.0 5192800.246645 432922344.119747 
-24.0 7645800.363156 117349321855.473618 
-24.0 5848200.277775 2973776533.402175 
-24.0 6850600.325386 18337311695.403183 
-24.0 3192000.151612 15645800.864682 
-24.0 6150000.292109 2285455513.173936 
-24.0 5491600.260837 1823424609.758667 
-24.0 5140600.244165 2000113672.255348 
-24.0 5977400.283911 3108657883.822552 
-24.0 6024800.286163 4310524262.526374 
-24.0 3613000.171608 62073858.921250 
-24.0 5606000.266271 4340566348.973045 
-24.0 5572800.264694 1423884285.767079 
-24.0 4638000.220293 125397223.593790 
-24.0 4889400.232234 236259949.197806 
-24.0 4645400.220645 146704304.041513 
-24.0 5195400.246768 1780020506.197005 
-24.0 5043000.239530 1644573449.333364 
-24.0 6405000.304221 7361483926.476213 
-24.0 4690800.222801 371613216.438798 
-22.0 5230400.248431 1406840604.770661 
-22.0 5619800.266926 1184094590.906978 
-22.0 5692800.270393 3245902286.829850 
-22.0 6323400.300345 9843993077.108826 
-22.0 6129400.291131 14872487343.932625 
-22.0 5074000.241002 1022156894.452249 
-22.0 4238000.201294 115234351.547358 
-22.0 5540800.263174 2002200930.378331 
-22.0 4616800.219286 517858319.063157 
-22.0 6362400.302198 9026533552.190657 
-22.0 5931000.281707 3931611377.777947 
-22.0 6435000.305646 6461381393.574785 
-22.0 4434200.210613 684573833.675652 
-22.0 4373600.207735 216130023.915988 
-22.0 4817200.228805 658021318.875356 
-22.0 4765800.226363 552423073.964160 
-22.0 5949800.282600 5369533428.783160 
-22.0 5385600.255802 1755608763.533355 
-22.0 5221800.248022 516215889.385312 
-22.0 3894000.184955 34845278.747043 
-20.0 5808000.275865 9309666321.954098 
-20.0 7877800.374175 68165401242.001228 
-20.0 5013600.238133 576035040.528863 
-20.0 6176600.293373 8250216877.273146 
-20.0 5337000.253494 544092497.827712 
-20.0 5980000.284035 4834068488.615950 
-20.0 6785600.322299 18982816400.155838 
-20.0 4213200.200116 301359955.546161 
-20.0 7541800.358216 74903370697.682648 
-20.0 6949400.330079 15974103652.775385 
-20.0 8283600.393450 267181125972.440491 
-20.0 6101600.289810 7717142437.982818 
-20.0 8184000.388719 251085440047.271057 
-20.0 6954600.330326 19273304739.384590 
-20.0 5080400.241306 522589234.468462 
-20.0 5305200.251983 1121408977.732837 
-20.0 6055000.287597 9830145767.930971 
-20.0 6243200.296536 11034753933.243660 
-20.0 4922000.233782 531724340.954841 
-20.0 5202800.247120 923279022.914869 
-18.0 5875800.279086 3319887707.731545 
-18.0 5724400.271894 3363532744.394046 
-18.0 6511600.309284 20985854471.849117 
-18.0 6328800.300602 14545621797.487076 
-18.0 6761800.321168 21301129224.817947 
-18.0 6730200.319667 10459767379.812222 
-18.0 4978400.236461 576177653.875631 
-18.0 5194200.246711 1160577540.966573 
-18.0 3881000.184338 145789499.770828 
-18.0 5473000.259954 1698276073.309449 
-18.0 5466800.259659 2228468005.111729 
-18.0 6298600.299167 7766380463.942434 
-18.0 5577600.264922 2568853105.445536 
-18.0 4528600.215097 166827866.202306 
-18.0 8114800.385432 103293381672.847717 
-18.0 6676000.317093 17270442698.560509 
-18.0 6532800.310291 13748485679.643429 
-18.0 6675200.317055 14779680191.406494 
-18.0 6084000.288974 7436894590.430251 
-18.0 5915000.280947 4755206930.827897 
-16.0 7612200.361560 62138933800.087372 
-16.0 5720000.271685 3261564798.584836 
-16.0 7207800.342352 176297184980.340332 
-16.0 9031800.428987 502211190535.493530 
-16.0 5489400.260733 1892660119.406791 
-16.0 7612000.361551 58260657359.310478 
-16.0 5314800.252439 2146851152.430924 
-16.0 7871400.373871 155386510992.803436 
-16.0 6126200.290979 5272626002.161781 
-16.0 7091400.336823 48550697891.455849 
-16.0 7315200.347453 46138161575.309853 
-16.0 6121600.290760 9170101631.753099 
-16.0 5841400.277452 3403542358.069156 
-16.0 6371800.302644 17392553905.197742 
-16.0 5741400.272702 2337956777.259420 
-16.0 8897800.422623 319765147079.888611 
-16.0 5781800.274621 3889252955.811416 
-16.0 6936400.329461 23621111407.492062 
-16.0 5428200.257826 3265604194.673902 
-16.0 5944800.282363 13458011857.203564 
-14.0 8256600.392167 108070391690.115540 
-14.0 6519000.309636 16336288253.677315 
-14.0 6427200.305276 13055458705.966541 
-14.0 6867800.326203 25894231544.959301 
-14.0 6170400.293078 7433185649.654655 
-14.0 6934800.329385 35686914294.401405 
-14.0 4828400.229337 1277543966.387796 
-14.0 6902000.327827 70439743548.985794 
-14.0 7045600.334648 9893460932.701674 
-14.0 6028800.286353 12529123222.524151 
-14.0 5270400.250331 2049321893.884164 
-14.0 6203600.294655 3286199060.080781 
-14.0 5785600.274801 4672628384.391796 
-14.0 5747200.272977 2786907437.280107 
-14.0 5106600.242550 2302210421.016908 
-14.0 6169000.293012 18868291923.478348 
-14.0 6241200.296441 10978933439.700796 
-14.0 7541000.358178 31358420675.500637 
-14.0 7522200.357285 163197656497.455688 
-14.0 6554400.311317 47193028117.496979 
-12.0 6545400.310890 13816517091.697710 
-12.0 5642800.268019 5019121548.985706 
-12.0 6346000.301419 3685635571.355156 
-12.0 7220200.342941 44756101023.339836 
-12.0 5592000.265606 5257134612.012482 
-12.0 6665400.316590 22130278078.409519 
-12.0 6014800.285688 4087948530.172238 
-12.0 4762000.226183 156253540.345244 
-12.0 6700400.318252 12098653659.930237 
-12.0 8324400.395388 151060601615.394501 
-12.0 6758800.321026 30326884033.224583 
-12.0 7363400.349743 53097176226.340797 
-12.0 4906600.233051 1176390492.075259 
-12.0 5148600.244545 1505641205.850866 
-12.0 5590400.265530 2613872966.223813 
-12.0 7981000.379077 62840713676.183472 
-12.0 4677600.222174 794909156.162194 
-12.0 5661000.268883 2280383837.217870 
-12.0 7120200.338191 50926122339.337616 
-12.0 5834400.277119 5224351419.483447 
-10.0 5777000.274393 2688534796.044119 
-10.0 7923800.376360 105647151778.112076 
-10.0 6154600.292328 3790250382.510824 
-10.0 8170000.388054 280278246105.892334 
-10.0 6144000.291824 20253912455.610126 
-10.0 7205000.342219 69900273755.505997 
-10.0 6556600.311422 19036754947.591148 
-10.0 7786400.369834 148203483733.608887 
-10.0 6055400.287616 4022301797.908784 
-10.0 5875400.279067 6714361430.737972 
-10.0 3861200.183397 33423603.626070 
-10.0 5898200.280149 3276641993.640609 
-10.0 6254800.297087 11357855395.491116 
-10.0 5498400.261160 1624581998.819982 
-10.0 5760400.273604 2287789635.002481 
-10.0 6313000.299851 15672595808.325062 
-10.0 6710200.318717 12464224527.695930 
-10.0 7775800.369331 58787359619.038925 
-10.0 9548400.453525 1056798745717.144409 
-10.0 6095400.289516 23005869115.836369 
-8.0 7278200.345696 77308044890.478745 
-8.0 5578000.264941 6538633547.265751 
-8.0 8162000.387674 219624007532.000610 
-8.0 6745400.320389 21198540141.996456 
-8.0 6415200.304706 16093751690.297953 
-8.0 6190200.294019 16244128679.201372 
-8.0 8087800.384150 297076392011.399292 
-8.0 6567400.311935 12293728137.171522 
-8.0 6248800.296802 17686767102.801876 
-8.0 6105000.289972 7566842247.100287 
-8.0 7846200.372675 42749863420.566490 
-8.0 8252600.391977 435179868341.397461 
-8.0 8791600.417579 331258642112.024841 
-8.0 6933200.329309 13750631032.345116 
-8.0 8892600.422376 564777779895.771606 
-8.0 6626200.314728 27224552921.201229 
-8.0 7391600.351082 131402836648.254395 
-8.0 7550800.358644 53104355006.024338 
-8.0 8412000.399549 178133513112.123322 
-8.0 6027800.286305 14150119250.962341 
-6.0 7514400.356915 20841614318.809788 
-6.0 6002800.285118 6227320404.573724 
-6.0 8243800.391559 208176508031.402283 
-6.0 5639000.267838 5269835405.665142 
-6.0 6550600.311137 27559927033.816486 
-6.0 8878000.421682 637636779656.269775 
-6.0 7939800.377120 109495415039.769348 
-6.0 5387200.255878 2353558374.758006 
-6.0 6007400.285336 10040608613.115940 
-6.0 7187600.341393 72128805795.799881 
-6.0 5346600.253950 898774030.468064 
-6.0 12240200.581378 18311853146132.519531 
-6.0 5867400.278687 5484343519.932086 
-6.0 6191600.294085 11373436272.504141 
-6.0 7776600.369369 139632559170.786163 
-6.0 7067600.335693 58772251591.519653 
-6.0 7600200.360990 65406546468.241714 
-6.0 5671800.269396 1291911812.910352 
-6.0 7141800.339217 36322976976.166603 
-6.0 6878400.326706 24797823194.758060 
-4.0 6564200.311783 16999710334.860228 
-4.0 7323800.347862 23226491397.935204 
-4.0 9494000.450941 1030025412445.607422 
-4.0 8017800.380825 204757450987.189606 
-4.0 5862000.278430 6813589716.154993 
-4.0 7223200.343084 58280751230.738365 
-4.0 4796400.227817 556012147.074124 
-4.0 8333400.395815 284090103110.612305 
-4.0 7070200.335816 32223170432.971550 
-4.0 7713400.366367 164206975968.350464 
-4.0 4485000.213026 497082183.109676 
-4.0 8603800.408659 571172980971.165527 
-4.0 4887200.232130 441756680.368951 
-4.0 8414400.399663 150760914154.631226 
-4.0 6778000.321938 18240425994.943302 
-4.0 7306200.347026 68792878388.013184 
-4.0 6997600.332368 57977199070.075447 
-4.0 4759200.226050 826188679.345949 
-4.0 9617200.456792 688474725504.628174 
-4.0 8184600.388748 252167477852.237213 
-2.0 8817400.418804 687226954833.447021 
-2.0 6431000.305456 17202904937.652405 
-2.0 7767400.368932 104861670764.215454 
-2.0 6122400.290798 5673602461.283766 
-2.0 6235400.296166 20829802905.264988 
-2.0 6820600.323961 15691533911.040976 
-2.0 7558000.358986 69162944470.957520 
-2.0 6435600.305675 11660659626.821512 
-2.0 6649400.315830 14287043325.909575 
-2.0 7102800.337365 41550279071.962769 
-2.0 7891800.374840 69841729288.657043 
-2.0 8213000.390097 147110309519.279663 
-2.0 9011800.428038 482706044275.114075 
-2.0 9573400.454712 1052953223842.999634 
-2.0 8611000.409001 376049133958.810181 
-2.0 5326600.253000 2437987372.978205 
-2.0 7218600.342865 89713063784.009094 
-2.0 8099800.384720 76346173765.517044 
-2.0 8022000.381025 164971391795.029602 
-2.0 7341800.348717 35291734116.644966 
0.0 5992200.284614 7571910703.899680 
0.0 6719400.319154 29957460878.258106 
0.0 9431400.447967 975895463519.411255 
0.0 7258600.344765 41161191687.665909 
0.0 8114200.385404 88520725293.279602 
0.0 9522600.452299 1405615814716.211426 
0.0 9457800.449221 1379956380957.688721 
0.0 9366600.444890 1054301869885.168457 
0.0 6222200.295539 9829986427.927956 
0.0 8031000.381452 134302481670.827179 
0.0 7737000.367488 185995576120.664154 
0.0 7207600.342343 62623276235.744675 
0.0 8242600.391502 307242903550.576477 
0.0 6663600.316504 33336220628.841557 
0.0 7602800.361114 104717010655.129425 
0.0 7982200.379134 612130623824.752441 
0.0 6619000.314386 6246466670.134903 
0.0 7003200.332634 31185612812.730927 
0.0 7105600.337498 89915594297.265839 
0.0 8736400.414957 1140651371071.275879 
