#! FIELDS d1.y projection
#! SET min_d1.y -5.0
#! SET max_d1.y 12.0
#! SET nbins_d1.y  301
#! SET periodic_d1.y false
   -5.000000000   43.091071564
   -4.943333333   43.090722964
   -4.886666667   43.089912319
   -4.830000000   43.088236569
   -4.773333333   43.084901904
   -4.716666667   43.078738388
   -4.660000000   43.068009531
   -4.603333333   43.050239976
   -4.546666667   43.022099504
   -4.490000000   42.979565280
   -4.433333333   42.917939529
   -4.376666667   42.832143200
   -4.320000000   42.716647780
   -4.263333333   42.564153520
   -4.206666667   42.364742325
   -4.150000000   42.105950325
   -4.093333333   41.776912800
   -4.036666667   41.374062560
   -3.980000000   40.907366935
   -3.923333333   40.398176785
   -3.866666667   39.869655056
   -3.810000000   39.335353826
   -3.753333333   38.797540643
   -3.696666667   38.252345069
   -3.640000000   37.696901864
   -3.583333333   37.133799026
   -3.526666667   36.572347541
   -3.470000000   36.025135260
   -3.413333333   35.493308151
   -3.356666667   34.966193789
   -3.300000000   34.424825000
   -3.243333333   33.859595106
   -3.186666667   33.272812196
   -3.130000000   32.673948834
   -3.073333333   32.074821661
   -3.016666667   31.492806864
   -2.960000000   30.948463996
   -2.903333333   30.460711491
   -2.846666667   30.035758898
   -2.790000000   29.664219525
   -2.733333333   29.325785344
   -2.676666667   28.996093647
   -2.620000000   28.653694964
   -2.563333333   28.286692841
   -2.506666667   27.898023232
   -2.450000000   27.502473028
   -2.393333333   27.118157570
   -2.336666667   26.757646481
   -2.280000000   26.425376441
   -2.223333333   26.118520544
   -2.166666667   25.830459037
   -2.110000000   25.554287865
   -2.053333333   25.287694171
   -1.996666667   25.033127617
   -1.940000000   24.794589809
   -1.883333333   24.569233247
   -1.826666667   24.346857836
   -1.770000000   24.115426697
   -1.713333333   23.873425796
   -1.656666667   23.622473298
   -1.600000000   23.377456687
   -1.543333333   23.156167462
   -1.486666667   22.971844131
   -1.430000000   22.824175437
   -1.373333333   22.697417697
   -1.316666667   22.577431353
   -1.260000000   22.460029903
   -1.203333333   22.355362133
   -1.146666667   22.280672220
   -1.090000000   22.248057536
   -1.033333333   22.257598139
   -0.976666667   22.307334220
   -0.920000000   22.392271989
   -0.863333333   22.504866429
   -0.806666667   22.625466623
   -0.750000000   22.739525222
   -0.693333333   22.845768481
   -0.636666667   22.958999537
   -0.580000000   23.091101918
   -0.523333333   23.241553731
   -0.466666667   23.393038131
   -0.410000000   23.524949442
   -0.353333333   23.619357535
   -0.296666667   23.673337965
   -0.240000000   23.705824689
   -0.183333333   23.750347091
   -0.126666667   23.844555596
   -0.070000000   24.014428766
   -0.013333333   24.265861992
    0.043333333   24.578787522
    0.100000000   24.921600506
    0.156666667   25.266231445
    0.213333333   25.606467879
    0.270000000   25.952641953
    0.326666667   26.322941703
    0.383333333   26.733473786
    0.440000000   27.187122683
    0.496666667   27.671121307
    0.553333333   28.157641135
    0.610000000   28.615353434
    0.666666667   29.027799153
    0.723333333   29.399805695
    0.780000000   29.755125019
    0.836666667   30.122634140
    0.893333333   30.526629070
    0.950000000   30.972555656
    1.006666667   31.449927053
    1.063333333   31.945331451
    1.120000000   32.442113004
    1.176666667   32.931991830
    1.233333333   33.419939566
    1.290000000   33.917931133
    1.346666667   34.445504567
    1.403333333   35.018173148
    1.460000000   35.638625526
    1.516666667   36.299113573
    1.573333333   36.980729640
    1.630000000   37.652690022
    1.686666667   38.286697491
    1.743333333   38.861940201
    1.800000000   39.374919877
    1.856666667   39.839323920
    1.913333333   40.273489957
    1.970000000   40.688254667
    2.026666667   41.079547994
    2.083333333   41.431480553
    2.140000000   41.725648538
    2.196666667   41.949516089
    2.253333333   42.103114118
    2.310000000   42.194841319
    2.366666667   42.237186059
    2.423333333   42.243659932
    2.480000000   42.223992605
    2.536666667   42.182114925
    2.593333333   42.116253152
    2.650000000   42.022961665
    2.706666667   41.898131018
    2.763333333   41.739595838
    2.820000000   41.545198317
    2.876666667   41.313401220
    2.933333333   41.044589167
    2.990000000   40.744948101
    3.046666667   40.427398851
    3.103333333   40.106663978
    3.160000000   39.791638391
    3.216666667   39.479852034
    3.273333333   39.161310076
    3.330000000   38.823803162
    3.386666667   38.461222944
    3.443333333   38.074117521
    3.500000000   37.670056901
    3.556666667   37.261074713
    3.613333333   36.858209641
    3.670000000   36.464322903
    3.726666667   36.072613971
    3.783333333   35.669395820
    3.840000000   35.239538119
    3.896666667   34.772770531
    3.953333333   34.271374633
    4.010000000   33.752512727
    4.066666667   33.243387590
    4.123333333   32.765539255
    4.180000000   32.317627230
    4.236666667   31.873654976
    4.293333333   31.397759864
    4.350000000   30.863100745
    4.406666667   30.263854326
    4.463333333   29.615711819
    4.520000000   28.950090080
    4.576666667   28.303859658
    4.633333333   27.701113881
    4.690000000   27.147429425
    4.746666667   26.627551045
    4.803333333   26.115725633
    4.860000000   25.592026200
    4.916666667   25.049618385
    4.973333333   24.494445415
    5.030000000   23.935539240
    5.086666667   23.377139614
    5.143333333   22.818679006
    5.200000000   22.251294439
    5.256666667   21.669807990
    5.313333333   21.080490653
    5.370000000   20.492818108
    5.426666667   19.916120959
    5.483333333   19.350857319
    5.540000000   18.790570345
    5.596666667   18.222707909
    5.653333333   17.638724032
    5.710000000   17.034062132
    5.766666667   16.418014616
    5.823333333   15.805998810
    5.880000000   15.215545355
    5.936666667   14.648190783
    5.993333333   14.092310720
    6.050000000   13.529485239
    6.106666667   12.950432621
    6.163333333   12.359334362
    6.220000000   11.775674919
    6.276666667   11.216525163
    6.333333333   10.688478650
    6.390000000   10.182188940
    6.446666667    9.681913886
    6.503333333    9.169827716
    6.560000000    8.639293793
    6.616666667    8.092567854
    6.673333333    7.542197888
    6.730000000    7.004777192
    6.786666667    6.496443170
    6.843333333    6.027748358
    6.900000000    5.601259558
    6.956666667    5.212940393
    7.013333333    4.851085606
    7.070000000    4.500482863
    7.126666667    4.146379667
    7.183333333    3.779799664
    7.240000000    3.404021604
    7.296666667    3.027796964
    7.353333333    2.664504692
    7.410000000    2.328636533
    7.466666667    2.026001591
    7.523333333    1.759683457
    7.580000000    1.522785990
    7.636666667    1.303146713
    7.693333333    1.091985469
    7.750000000    0.882547748
    7.806666667    0.679314560
    7.863333333    0.490651129
    7.920000000    0.328995999
    7.976666667    0.205081473
    8.033333333    0.122188487
    8.090000000    0.068528397
    8.146666667    0.035180343
    8.203333333    0.011212284
    8.260000000    0.000000000
    8.316666667    0.011458792
    8.373333333    0.058918093
    8.430000000    0.152687188
    8.486666667    0.292813942
    8.543333333    0.474039853
    8.600000000    0.686312202
    8.656666667    0.920238273
    8.713333333    1.176361110
    8.770000000    1.459741491
    8.826666667    1.777247226
    8.883333333    2.133264228
    8.940000000    2.527762267
    8.996666667    2.958516042
    9.053333333    3.422296628
    9.110000000    3.918170717
    9.166666667    4.452805197
    9.223333333    5.030583141
    9.280000000    5.658708359
    9.336666667    6.333940467
    9.393333333    7.055193073
    9.450000000    7.818979908
    9.506666667    8.625165441
    9.563333333    9.477078163
    9.620000000   10.377686039
    9.676666667   11.323852000
    9.733333333   12.311730855
    9.790000000   13.336359970
    9.846666667   14.395501526
    9.903333333   15.494119456
    9.960000000   16.641368345
   10.016666667   17.848947196
   10.073333333   19.127125222
   10.130000000   20.475617117
   10.186666667   21.884208198
   10.243333333   23.340146359
   10.300000000   24.841981456
   10.356666667   26.408951583
   10.413333333   28.070105142
   10.470000000   29.851297284
   10.526666667   31.755850992
   10.583333333   33.750316953
   10.640000000   35.758279688
   10.696666667   37.664318774
   10.753333333   39.335313763
   10.810000000   40.659786658
   10.866666667   41.601891122
   10.923333333   42.213123993
   10.980000000   42.585873297
   11.036666667   42.805992124
   11.093333333   42.933891312
   11.150000000   43.006831121
   11.206666667   43.047499079
   11.263333333   43.069541925
   11.320000000   43.081077230
   11.376666667   43.086845065
   11.433333333   43.089489742
   11.490000000   43.090606136
   11.546666667   43.091054922
   11.603333333   43.091237979
   11.660000000   43.091290431
   11.716666667   43.091290431
   11.773333333   43.091290431
   11.830000000   43.091290431
   11.886666667   43.091290431
   11.943333333   43.091290431
   12.000000000   43.091290431
