#! FIELDS d1.x projection
#! SET min_d1.x -5.0
#! SET max_d1.x 31.0
#! SET nbins_d1.x  301
#! SET periodic_d1.x false
   -5.000000000   35.492757253
   -4.880000000   35.492757253
   -4.760000000   35.492757253
   -4.640000000   35.492757253
   -4.520000000   35.492757253
   -4.400000000   35.492757253
   -4.280000000   35.492757253
   -4.160000000   35.492757253
   -4.040000000   35.492757253
   -3.920000000   35.492757253
   -3.800000000   35.492757253
   -3.680000000   35.492757253
   -3.560000000   35.492757253
   -3.440000000   35.492727654
   -3.320000000   35.492492692
   -3.200000000   35.491090034
   -3.080000000   35.485250038
   -2.960000000   35.468170112
   -2.840000000   35.433186376
   -2.720000000   35.386858935
   -2.600000000   35.352177906
   -2.480000000   35.328683350
   -2.360000000   35.277013118
   -2.240000000   35.162461688
   -2.120000000   34.971719805
   -2.000000000   34.687929253
   -1.880000000   34.262147060
   -1.760000000   33.739158083
   -1.640000000   33.227615304
   -1.520000000   32.636202534
   -1.400000000   31.952842135
   -1.280000000   31.480754194
   -1.160000000   31.179690993
   -1.040000000   30.630189556
   -0.920000000   29.800798696
   -0.800000000   29.031459943
   -0.680000000   28.491172830
   -0.560000000   28.111045430
   -0.440000000   27.748507343
   -0.320000000   27.276586890
   -0.200000000   26.619134832
   -0.080000000   25.951910507
    0.040000000   25.467363501
    0.160000000   24.971403280
    0.280000000   24.210598408
    0.400000000   23.365086830
    0.520000000   22.771741942
    0.640000000   22.310522528
    0.760000000   21.786065994
    0.880000000   21.322311577
    1.000000000   21.039731851
    1.120000000   20.813752371
    1.240000000   20.423425412
    1.360000000   19.884634572
    1.480000000   19.460381466
    1.600000000   19.181359433
    1.720000000   18.843212777
    1.840000000   18.390063975
    1.960000000   17.945001106
    2.080000000   17.590426593
    2.200000000   17.287050291
    2.320000000   16.986346481
    2.440000000   16.634582844
    2.560000000   16.199245230
    2.680000000   15.795921006
    2.800000000   15.538635535
    2.920000000   15.373062912
    3.040000000   15.234590228
    3.160000000   15.111103420
    3.280000000   14.920863693
    3.400000000   14.626140935
    3.520000000   14.316379441
    3.640000000   14.122250535
    3.760000000   14.092901323
    3.880000000   14.189665761
    4.000000000   14.260449303
    4.120000000   14.160198140
    4.240000000   13.901704193
    4.360000000   13.656647101
    4.480000000   13.532074445
    4.600000000   13.492390173
    4.720000000   13.420865853
    4.840000000   13.293560680
    4.960000000   13.240506739
    5.080000000   13.298412881
    5.200000000   13.408961653
    5.320000000   13.479523798
    5.440000000   13.485671387
    5.560000000   13.535259011
    5.680000000   13.711771888
    5.800000000   13.881755859
    5.920000000   13.889601637
    6.040000000   13.853356620
    6.160000000   13.947261645
    6.280000000   14.176682390
    6.400000000   14.414109889
    6.520000000   14.495591533
    6.640000000   14.416571283
    6.760000000   14.435038094
    6.880000000   14.618069060
    7.000000000   14.774962009
    7.120000000   14.832894931
    7.240000000   14.959861612
    7.360000000   15.223389036
    7.480000000   15.467591977
    7.600000000   15.610432951
    7.720000000   15.756407933
    7.840000000   16.002781211
    7.960000000   16.266048017
    8.080000000   16.372296317
    8.200000000   16.221038374
    8.320000000   15.853134423
    8.440000000   15.327619942
    8.560000000   14.715929262
    8.680000000   14.004087207
    8.800000000   13.158175078
    8.920000000   12.332193863
    9.040000000   11.742717964
    9.160000000   11.376695647
    9.280000000   10.982519612
    9.400000000   10.410337844
    9.520000000    9.730070629
    9.640000000    9.069557228
    9.760000000    8.499241023
    9.880000000    8.045298238
   10.000000000    7.679097475
   10.120000000    7.295928376
   10.240000000    6.870161992
   10.360000000    6.503847483
   10.480000000    6.226066742
   10.600000000    5.936835625
   10.720000000    5.609475182
   10.840000000    5.279855579
   10.960000000    4.962922619
   11.080000000    4.686185832
   11.200000000    4.453662165
   11.320000000    4.180916056
   11.440000000    3.896907698
   11.560000000    3.725010816
   11.680000000    3.598701575
   11.800000000    3.360750996
   11.920000000    3.087157496
   12.040000000    2.910923921
   12.160000000    2.770094416
   12.280000000    2.575376517
   12.400000000    2.384240891
   12.520000000    2.246138021
   12.640000000    2.121581913
   12.760000000    2.023538159
   12.880000000    1.922389508
   13.000000000    1.755865955
   13.120000000    1.565598042
   13.240000000    1.402180401
   13.360000000    1.246895275
   13.480000000    1.095782272
   13.600000000    0.977910793
   13.720000000    0.854453029
   13.840000000    0.694496494
   13.960000000    0.583218948
   14.080000000    0.574758688
   14.200000000    0.555669100
   14.320000000    0.501415234
   14.440000000    0.498018109
   14.560000000    0.481710912
   14.680000000    0.319060340
   14.800000000    0.099771453
   14.920000000    0.000000000
   15.040000000    0.106360391
   15.160000000    0.349561667
   15.280000000    0.546565550
   15.400000000    0.600605572
   15.520000000    0.597703283
   15.640000000    0.655570812
   15.760000000    0.760719246
   15.880000000    0.879247588
   16.000000000    1.009285604
   16.120000000    1.134322065
   16.240000000    1.269751651
   16.360000000    1.463595190
   16.480000000    1.713724432
   16.600000000    1.953222782
   16.720000000    2.117092208
   16.840000000    2.243842026
   16.960000000    2.430252725
   17.080000000    2.703930778
   17.200000000    3.046464931
   17.320000000    3.387613035
   17.440000000    3.670853838
   17.560000000    3.902302511
   17.680000000    4.146891995
   17.800000000    4.460212974
   17.920000000    4.748779654
   18.040000000    5.000450817
   18.160000000    5.364695837
   18.280000000    5.853489276
   18.400000000    6.345913198
   18.520000000    6.783385905
   18.640000000    7.210044561
   18.760000000    7.660468756
   18.880000000    8.085959782
   19.000000000    8.472568021
   19.120000000    8.913722001
   19.240000000    9.479794604
   19.360000000   10.093004919
   19.480000000   10.665184201
   19.600000000   11.276275516
   19.720000000   11.987851169
   19.840000000   12.603112210
   19.960000000   13.047074633
   20.080000000   13.473532370
   20.200000000   13.963154267
   20.320000000   14.533014092
   20.440000000   15.193369936
   20.560000000   15.888674497
   20.680000000   16.649396168
   20.800000000   17.548816061
   20.920000000   18.505800477
   21.040000000   19.396436254
   21.160000000   20.142476462
   21.280000000   20.749050558
   21.400000000   21.438085206
   21.520000000   22.322139598
   21.640000000   23.187698725
   21.760000000   23.909050939
   21.880000000   24.629542268
   22.000000000   25.477876525
   22.120000000   26.386803344
   22.240000000   27.235428621
   22.360000000   27.981222760
   22.480000000   28.739199780
   22.600000000   29.510943105
   22.720000000   30.218542148
   22.840000000   30.834019512
   22.960000000   31.288690528
   23.080000000   31.805642074
   23.200000000   32.620364695
   23.320000000   33.577866462
   23.440000000   34.363974752
   23.560000000   34.857386489
   23.680000000   35.130222768
   23.800000000   35.273348613
   23.920000000   35.346072454
   24.040000000   35.389881765
   24.160000000   35.427459986
   24.280000000   35.459185336
   24.400000000   35.479354358
   24.520000000   35.488697084
   24.640000000   35.491873977
   24.760000000   35.492617505
   24.880000000   35.492757253
   25.000000000   35.492757253
   25.120000000   35.492757253
   25.240000000   35.492757253
   25.360000000   35.492757253
   25.480000000   35.492757253
   25.600000000   35.492757253
   25.720000000   35.492757253
   25.840000000   35.492757253
   25.960000000   35.492757253
   26.080000000   35.492757253
   26.200000000   35.492757253
   26.320000000   35.492757253
   26.440000000   35.492757253
   26.560000000   35.492757253
   26.680000000   35.492757253
   26.800000000   35.492757253
   26.920000000   35.492757253
   27.040000000   35.492757253
   27.160000000   35.492757253
   27.280000000   35.492757253
   27.400000000   35.492757253
   27.520000000   35.492757253
   27.640000000   35.492757253
   27.760000000   35.492757253
   27.880000000   35.492757253
   28.000000000   35.492757253
   28.120000000   35.492757253
   28.240000000   35.492757253
   28.360000000   35.492757253
   28.480000000   35.492757253
   28.600000000   35.492757253
   28.720000000   35.492757253
   28.840000000   35.492757253
   28.960000000   35.492757253
   29.080000000   35.492757253
   29.200000000   35.492757253
   29.320000000   35.492757253
   29.440000000   35.492757253
   29.560000000   35.492757253
   29.680000000   35.492757253
   29.800000000   35.492757253
   29.920000000   35.492757253
   30.040000000   35.492757253
   30.160000000   35.492757253
   30.280000000   35.492757253
   30.400000000   35.492757253
   30.520000000   35.492757253
   30.640000000   35.492757253
   30.760000000   35.492757253
   30.880000000   35.492757253
   31.000000000   35.492757253
