#! FIELDS d1.y projection
#! SET min_d1.y -5.0
#! SET max_d1.y 12.0
#! SET nbins_d1.y  301
#! SET periodic_d1.y false
   -5.000000000   38.575439217
   -4.943333333   38.559104372
   -4.886666667   38.533053880
   -4.830000000   38.493419772
   -4.773333333   38.435685169
   -4.716666667   38.355351090
   -4.660000000   38.248571491
   -4.603333333   38.112406013
   -4.546666667   37.943601402
   -4.490000000   37.735356199
   -4.433333333   37.473435357
   -4.376666667   37.134974840
   -4.320000000   36.695857843
   -4.263333333   36.145567368
   -4.206666667   35.498759177
   -4.150000000   34.791178754
   -4.093333333   34.061681878
   -4.036666667   33.337486485
   -3.980000000   32.634155952
   -3.923333333   31.961213923
   -3.866666667   31.321777037
   -3.810000000   30.710425027
   -3.753333333   30.111954984
   -3.696666667   29.507586234
   -3.640000000   28.883475669
   -3.583333333   28.239101672
   -3.526666667   27.583573589
   -3.470000000   26.934555340
   -3.413333333   26.307701366
   -3.356666667   25.714922742
   -3.300000000   25.154365187
   -3.243333333   24.613897973
   -3.186666667   24.076902400
   -3.130000000   23.532090343
   -3.073333333   22.979470115
   -3.016666667   22.431256913
   -2.960000000   21.904560693
   -2.903333333   21.413977725
   -2.846666667   20.968315918
   -2.790000000   20.558476827
   -2.733333333   20.162639112
   -2.676666667   19.757201793
   -2.620000000   19.328295165
   -2.563333333   18.882868127
   -2.506666667   18.442257164
   -2.450000000   18.028824768
   -2.393333333   17.657316542
   -2.336666667   17.326665883
   -2.280000000   17.026784783
   -2.223333333   16.744724715
   -2.166666667   16.470182452
   -2.110000000   16.201286638
   -2.053333333   15.941792324
   -1.996666667   15.699120143
   -1.940000000   15.474424547
   -1.883333333   15.267488081
   -1.826666667   15.065562416
   -1.770000000   14.855779566
   -1.713333333   14.634436724
   -1.656666667   14.409125816
   -1.600000000   14.192674238
   -1.543333333   14.002172693
   -1.486666667   13.840762509
   -1.430000000   13.702051994
   -1.373333333   13.574212838
   -1.316666667   13.451098135
   -1.260000000   13.334486993
   -1.203333333   13.231692490
   -1.146666667   13.156982292
   -1.090000000   13.120394960
   -1.033333333   13.123579435
   -0.976666667   13.159701465
   -0.920000000   13.218337739
   -0.863333333   13.288948658
   -0.806666667   13.366571119
   -0.750000000   13.450056807
   -0.693333333   13.536963975
   -0.636666667   13.629266689
   -0.580000000   13.727841347
   -0.523333333   13.839076890
   -0.466666667   13.969089707
   -0.410000000   14.126080042
   -0.353333333   14.309859700
   -0.296666667   14.509587283
   -0.240000000   14.712639988
   -0.183333333   14.902693275
   -0.126666667   15.070829035
   -0.070000000   15.222642880
   -0.013333333   15.374949942
    0.043333333   15.553076061
    0.100000000   15.780843208
    0.156666667   16.066873046
    0.213333333   16.406839097
    0.270000000   16.786289326
    0.326666667   17.187053125
    0.383333333   17.592287957
    0.440000000   17.991371034
    0.496666667   18.386020150
    0.553333333   18.784546921
    0.610000000   19.195326467
    0.666666667   19.623634844
    0.723333333   20.066363002
    0.780000000   20.522642370
    0.836666667   20.987018430
    0.893333333   21.454630275
    0.950000000   21.919854761
    1.006666667   22.379638144
    1.063333333   22.838582029
    1.120000000   23.301580939
    1.176666667   23.777253345
    1.233333333   24.277424850
    1.290000000   24.808553505
    1.346666667   25.372706495
    1.403333333   25.971880015
    1.460000000   26.595576511
    1.516666667   27.228969269
    1.573333333   27.850768530
    1.630000000   28.452643694
    1.686666667   29.040342510
    1.743333333   29.633006031
    1.800000000   30.244047139
    1.856666667   30.880730868
    1.913333333   31.534130481
    1.970000000   32.173859370
    2.026666667   32.757093344
    2.083333333   33.233927569
    2.140000000   33.573896070
    2.196666667   33.779154919
    2.253333333   33.876777164
    2.310000000   33.899278541
    2.366666667   33.864047255
    2.423333333   33.773761278
    2.480000000   33.636710853
    2.536666667   33.466844094
    2.593333333   33.286273509
    2.650000000   33.108126850
    2.706666667   32.931187228
    2.763333333   32.746812657
    2.820000000   32.548949020
    2.876666667   32.339168458
    2.933333333   32.126753368
    2.990000000   31.921125003
    3.046666667   31.721979021
    3.103333333   31.517126497
    3.160000000   31.289231999
    3.216666667   31.023603619
    3.273333333   30.717814655
    3.330000000   30.379513752
    3.386666667   30.017953807
    3.443333333   29.644622895
    3.500000000   29.270187432
    3.556666667   28.907178097
    3.613333333   28.568824763
    3.670000000   28.257951149
    3.726666667   27.967055013
    3.783333333   27.681691483
    3.840000000   27.389784385
    3.896666667   27.084896815
    3.953333333   26.765712148
    4.010000000   26.429817234
    4.066666667   26.072643300
    4.123333333   25.690008726
    4.180000000   25.287023842
    4.236666667   24.876853662
    4.293333333   24.471072259
    4.350000000   24.073505169
    4.406666667   23.676214524
    4.463333333   23.262210274
    4.520000000   22.815042125
    4.576666667   22.328243345
    4.633333333   21.807899769
    4.690000000   21.273756401
    4.746666667   20.749326845
    4.803333333   20.252723570
    4.860000000   19.787552131
    4.916666667   19.342653324
    4.973333333   18.898702209
    5.030000000   18.438677381
    5.086666667   17.950755250
    5.143333333   17.433312978
    5.200000000   16.897353505
    5.256666667   16.361625354
    5.313333333   15.843225070
    5.370000000   15.349971729
    5.426666667   14.876106783
    5.483333333   14.410405145
    5.540000000   13.943583563
    5.596666667   13.475569501
    5.653333333   13.011225146
    5.710000000   12.556289265
    5.766666667   12.109482948
    5.823333333   11.662706616
    5.880000000   11.208528807
    5.936666667   10.743792296
    5.993333333   10.271978312
    6.050000000    9.799660377
    6.106666667    9.332273286
    6.163333333    8.868429386
    6.220000000    8.403417583
    6.276666667    7.935577542
    6.333333333    7.469753155
    6.390000000    7.017698640
    6.446666667    6.590682644
    6.503333333    6.190996601
    6.560000000    5.814375372
    6.616666667    5.446621382
    6.673333333    5.075977444
    6.730000000    4.694588549
    6.786666667    4.305974012
    6.843333333    3.925476016
    6.900000000    3.565085530
    6.956666667    3.236430642
    7.013333333    2.938352578
    7.070000000    2.663071504
    7.126666667    2.402233219
    7.183333333    2.145501122
    7.240000000    1.886283501
    7.296666667    1.625680443
    7.353333333    1.369205097
    7.410000000    1.123872358
    7.466666667    0.895683699
    7.523333333    0.692798686
    7.580000000    0.517674970
    7.636666667    0.372778675
    7.693333333    0.255689619
    7.750000000    0.162172087
    7.806666667    0.089416594
    7.863333333    0.035481349
    7.920000000    0.006173852
    7.976666667    0.000000000
    8.033333333    0.016144789
    8.090000000    0.048265699
    8.146666667    0.098565791
    8.203333333    0.173798195
    8.260000000    0.278950376
    8.316666667    0.419373857
    8.373333333    0.594845487
    8.430000000    0.799944757
    8.486666667    1.032295004
    8.543333333    1.289766274
    8.600000000    1.574286662
    8.656666667    1.886087719
    8.713333333    2.225911841
    8.770000000    2.593374532
    8.826666667    2.991901050
    8.883333333    3.426006439
    8.940000000    3.906723889
    8.996666667    4.439424219
    9.053333333    5.022441726
    9.110000000    5.653840571
    9.166666667    6.325304899
    9.223333333    7.033110625
    9.280000000    7.771852130
    9.336666667    8.538717259
    9.393333333    9.335618547
    9.450000000   10.170353667
    9.506666667   11.057741560
    9.563333333   12.013360542
    9.620000000   13.037006263
    9.676666667   14.113953519
    9.733333333   15.226303756
    9.790000000   16.358261787
    9.846666667   17.506672284
    9.903333333   18.686214761
    9.960000000   19.926022733
   10.016666667   21.251338070
   10.073333333   22.678788094
   10.130000000   24.199777638
   10.186666667   25.792472826
   10.243333333   27.430012324
   10.300000000   29.089232429
   10.356666667   30.746957262
   10.413333333   32.373845400
   10.470000000   33.917663981
   10.526666667   35.294483930
   10.583333333   36.415089996
   10.640000000   37.234220981
   10.696666667   37.778890122
   10.753333333   38.118948338
   10.810000000   38.323839895
   10.866666667   38.444685774
   10.923333333   38.514593566
   10.980000000   38.554162179
   11.036666667   38.575629922
   11.093333333   38.586635998
   11.150000000   38.592009162
   11.206666667   38.594545917
   11.263333333   38.595503605
   11.320000000   38.595920815
   11.376666667   38.596025271
   11.433333333   38.596025271
   11.490000000   38.596025271
   11.546666667   38.596025271
   11.603333333   38.596025271
   11.660000000   38.596025271
   11.716666667   38.596025271
   11.773333333   38.596025271
   11.830000000   38.596025271
   11.886666667   38.596025271
   11.943333333   38.596025271
   12.000000000   38.596025271
