#! FIELDS distance.z file.free der_distance.z
#! SET min_distance.z 7.6
#! SET max_distance.z 17.0
#! SET nbins_distance.z  501
#! SET periodic_distance.z false
    7.600000000   22.508412511 -116.240629396
    7.618800000   20.361076904 -111.668830038
    7.637600000   18.309413314 -106.149362915
    7.656400000   16.370066500  -99.825496650
    7.675200000   14.555062299  -92.890216081
    7.694000000   12.875421580  -85.507328462
    7.712800000   11.337149720  -77.874282336
    7.731600000    9.942755065  -70.185328039
    7.750400000    8.692725146  -62.599840165
    7.769200000    7.583380396  -55.278728408
    7.788000000    6.606282765  -48.396263493
    7.806800000    5.754837311  -42.022799887
    7.825600000    5.015609217  -36.290931286
    7.844400000    4.380155613  -31.187934263
    7.863200000    3.833590943  -26.776323286
    7.882000000    3.363050170  -23.049712838
    7.900800000    2.957906691  -19.942611879
    7.919600000    2.603672919  -17.453379454
    7.938400000    2.292789917  -15.458669660
    7.957200000    2.014898595  -13.901790593
    7.976000000    1.763454741  -12.679637906
    7.994800000    1.531567436  -11.725482265
    8.013600000    1.316461941  -10.931307525
    8.032400000    1.115564500  -10.221726819
    8.051200000    0.926927235   -9.545820118
    8.070000000    0.751615273   -8.832098685
    8.088800000    0.589780126   -8.055975329
    8.107600000    0.443705029   -7.180206186
    8.126400000    0.315862285   -6.184520167
    8.145200000    0.207008196   -5.094495169
    8.164000000    0.120064333   -3.904543641
    8.182800000    0.055465721   -2.657193949
    8.201600000    0.015471686   -1.358797285
    8.220400000    0.000000000   -0.061514048
    8.239200000    0.008476547    1.210887054
    8.258000000    0.040411507    2.403414717
    8.276800000    0.095380063    3.514773088
    8.295600000    0.172098887    4.490547599
    8.314400000    0.266239132    5.351122088
    8.333200000    0.375221230    6.061467470
    8.352000000    0.496074273    6.619559958
    8.370800000    0.627180302    7.056268663
    8.389600000    0.765038351    7.363774648
    8.408400000    0.909036688    7.556413380
    8.427200000    1.054067227    7.657557116
    8.446000000    1.200316470    7.703175779
    8.464800000    1.346892588    7.681286114
    8.483600000    1.491803178    7.636482447
    8.502400000    1.635579811    7.564947908
    8.521200000    1.780449961    7.527886576
    8.540000000    1.923148490    7.524808934
    8.558800000    2.067141297    7.534261540
    8.577600000    2.211019478    7.611811873
    8.596400000    2.354369398    7.701969966
    8.615200000    2.500717603    7.832184854
    8.634000000    2.649039341    7.990747178
    8.652800000    2.802420328    8.150070954
    8.671600000    2.957997635    8.368309166
    8.690400000    3.118341604    8.558479307
    8.709200000    3.282552708    8.710261586
    8.728000000    3.448687965    8.876680321
    8.746800000    3.619515529    9.012216323
    8.765600000    3.790430551    9.101409777
    8.784400000    3.963557977    9.172804111
    8.803200000    4.138287686    9.167522610
    8.822000000    4.312484870    9.148400383
    8.840800000    4.486372252    9.071117803
    8.859600000    4.658460588    9.011555067
    8.878400000    4.828155470    8.917134870
    8.897200000    4.996453567    8.792435863
    8.916000000    5.160560060    8.647228422
    8.934800000    5.324244820    8.484735656
    8.953600000    5.483366957    8.352854723
    8.972400000    5.640876771    8.215863923
    8.991200000    5.796257543    8.056143665
    9.010000000    5.947994075    7.917851798
    9.028800000    6.098570604    7.796801887
    9.047600000    6.245109834    7.709741269
    9.066400000    6.391421917    7.609332259
    9.085200000    6.535946127    7.551568883
    9.104000000    6.678725478    7.522698719
    9.122800000    6.820961667    7.477429260
    9.141600000    6.961487678    7.441938749
    9.160400000    7.101698119    7.404534601
    9.179200000    7.242471224    7.372201454
    9.198000000    7.380546437    7.314610178
    9.216800000    7.518269824    7.275187520
    9.235600000    7.657635832    7.200042068
    9.254400000    7.794393165    7.142762972
    9.273200000    7.931021115    7.029969018
    9.292000000    8.063827690    6.963372192
    9.310800000    8.194755547    6.852175611
    9.329600000    8.325268053    6.750311425
    9.348400000    8.451473143    6.656877119
    9.367200000    8.578552635    6.542869358
    9.386000000    8.701983615    6.460014454
    9.404800000    8.824473984    6.378781483
    9.423600000    8.943122432    6.285537725
    9.442400000    9.061691249    6.186101448
    9.461200000    9.178591879    6.109487142
    9.480000000    9.294794256    6.063378241
    9.498800000    9.410341609    6.011787411
    9.517600000    9.524674681    5.969261838
    9.536400000    9.638316602    5.922944697
    9.555200000    9.751324989    5.892048274
    9.574000000    9.861909853    5.860948301
    9.592800000    9.973753058    5.833005591
    9.611600000   10.084407452    5.808221605
    9.630400000   10.195446052    5.764622124
    9.649200000   10.303787791    5.717316465
    9.668000000   10.411979553    5.668625567
    9.686800000   10.518621228    5.599794787
    9.705600000   10.625886379    5.542235793
    9.724400000   10.730154950    5.481202980
    9.743200000   10.833877471    5.430402727
    9.762000000   10.936086730    5.373503402
    9.780800000   11.038698390    5.306540891
    9.799600000   11.140560565    5.232400535
    9.818400000   11.239969116    5.189285361
    9.837200000   11.338747114    5.143542966
    9.856000000   11.435436869    5.104058609
    9.874800000   11.532557564    5.054628281
    9.893600000   11.627456831    5.000750226
    9.912400000   11.722327561    4.953610672
    9.931200000   11.817698701    4.922294615
    9.950000000   11.912051424    4.886693035
    9.968800000   12.003217157    4.875939736
    9.987600000   12.095610417    4.863044618
   10.006400000   12.187623478    4.843766867
   10.025200000   12.278667166    4.821564332
   10.044000000   12.371493847    4.771406058
   10.062800000   12.462349732    4.730883905
   10.081600000   12.552649638    4.688329910
   10.100400000   12.642502145    4.664515655
   10.119200000   12.730697877    4.648566618
   10.138000000   12.819570509    4.640944410
   10.156800000   12.906809151    4.575098308
   10.175600000   12.993561021    4.540060915
   10.194400000   13.079144740    4.529452096
   10.213200000   13.165848088    4.485382256
   10.232000000   13.250587077    4.465390861
   10.250800000   13.335730428    4.434474132
   10.269600000   13.420906265    4.433002150
   10.288400000   13.505593657    4.410530672
   10.307200000   13.589094160    4.424976307
   10.326000000   13.673338232    4.415922468
   10.344800000   13.758224824    4.416826543
   10.363600000   13.843091403    4.385952181
   10.382400000   13.925796586    4.359062509
   10.401200000   14.008055676    4.331063080
   10.420000000   14.090112610    4.303497055
   10.438800000   14.172591223    4.260852558
   10.457600000   14.252258332    4.169031075
   10.476400000   14.331750877    4.111394170
   10.495200000   14.408967190    4.010675926
   10.514000000   14.485266896    3.928812361
   10.532800000   14.558758671    3.850184077
   10.551600000   14.630125015    3.759207514
   10.570400000   14.701998587    3.682184611
   10.589200000   14.771776498    3.582514820
   10.608000000   14.839623817    3.508546036
   10.626800000   14.905233238    3.457361462
   10.645600000   14.972982155    3.396101730
   10.664400000   15.037314141    3.363046348
   10.683200000   15.101554887    3.361475682
   10.702000000   15.164252299    3.333601260
   10.720800000   15.228281917    3.298031486
   10.739600000   15.291504921    3.286668788
   10.758400000   15.354091740    3.228376039
   10.777200000   15.414179651    3.185290254
   10.796000000   15.475200191    3.122876642
   10.814800000   15.533701369    3.060697321
   10.833600000   15.591303272    2.985427935
   10.852400000   15.647284343    2.894799456
   10.871200000   15.703094907    2.757678654
   10.890000000   15.755597168    2.621785346
   10.908800000   15.804812068    2.484012374
   10.927600000   15.851181446    2.363341819
   10.946400000   15.893420296    2.186584880
   10.965200000   15.932975447    1.998567908
   10.984000000   15.970058074    1.805509966
   11.002800000   16.002841059    1.615612090
   11.021600000   16.032904331    1.399302509
   11.040400000   16.058183957    1.223615074
   11.059200000   16.081227754    1.062386047
   11.078000000   16.100791986    0.912632758
   11.096800000   16.117418057    0.743459914
   11.115600000   16.131641998    0.622696383
   11.134400000   16.143709377    0.496839139
   11.153200000   16.152558481    0.436903578
   11.172000000   16.162204271    0.389964596
   11.190800000   16.169947692    0.374466495
   11.209600000   16.178168202    0.374829149
   11.228400000   16.185249142    0.394257916
   11.247200000   16.193693697    0.435203875
   11.266000000   16.202001453    0.469995536
   11.284800000   16.212085996    0.521794394
   11.303600000   16.224001999    0.569927034
   11.322400000   16.236434598    0.625634669
   11.341200000   16.251128813    0.668495027
   11.360000000   16.265239795    0.705799866
   11.378800000   16.278648568    0.756170938
   11.397600000   16.294190483    0.792696329
   11.416400000   16.311871428    0.830604717
   11.435200000   16.327873577    0.857178989
   11.454000000   16.345656021    0.890772743
   11.472800000   16.362828174    0.892477618
   11.491600000   16.380236127    0.913930811
   11.510400000   16.398564705    0.929164446
   11.529200000   16.417084872    0.945005465
   11.548000000   16.435503102    0.977916513
   11.566800000   16.455172328    1.016769492
   11.585600000   16.475156185    1.084289557
   11.604400000   16.498393571    1.087015398
   11.623200000   16.519901669    1.132834475
   11.642000000   16.542555939    1.200045130
   11.660800000   16.566964097    1.278046468
   11.679600000   16.593036540    1.354890374
   11.698400000   16.621591305    1.447418882
   11.717200000   16.649530996    1.551399514
   11.736000000   16.680234925    1.629579420
   11.754800000   16.711767508    1.723469754
   11.773600000   16.747184026    1.824767945
   11.792400000   16.782679390    1.932689046
   11.811200000   16.820290788    2.005678078
   11.830000000   16.858808144    2.051003236
   11.848800000   16.899819036    2.121207022
   11.867600000   16.940449556    2.179340608
   11.886400000   16.981467522    2.226096078
   11.905200000   17.025691072    2.221950780
   11.924000000   17.067110622    2.243600811
   11.942800000   17.111648403    2.236902866
   11.961600000   17.154652462    2.249297365
   11.980400000   17.197721512    2.225952892
   11.999200000   17.241496976    2.209339174
   12.018000000   17.283411685    2.219109101
   12.036800000   17.326019616    2.186263900
   12.055600000   17.368442150    2.172441195
   12.074400000   17.410482983    2.154713505
   12.093200000   17.450796191    2.160023198
   12.112000000   17.492852000    2.151816454
   12.130800000   17.533264465    2.163405625
   12.149600000   17.575139040    2.134830061
   12.168400000   17.615671021    2.123476922
   12.187200000   17.654663529    2.103617518
   12.206000000   17.695797093    2.068166131
   12.224800000   17.735894588    2.022944232
   12.243600000   17.774015899    1.977933854
   12.262400000   17.812073692    1.931291484
   12.281200000   17.848782205    1.878213016
   12.300000000   17.884839732    1.828427031
   12.318800000   17.920079470    1.780632761
   12.337600000   17.952439420    1.699039152
   12.356400000   17.984702294    1.629607533
   12.375200000   18.015009832    1.578123619
   12.394000000   18.045811142    1.488019794
   12.412800000   18.074714584    1.411460103
   12.431600000   18.102217606    1.369302981
   12.450400000   18.127753557    1.305274891
   12.469200000   18.153747940    1.259577812
   12.488000000   18.177144076    1.220245160
   12.506800000   18.200093220    1.205504478
   12.525600000   18.222573076    1.168849631
   12.544400000   18.245811695    1.115048599
   12.563200000   18.266428468    1.071943049
   12.582000000   18.287536750    1.007198123
   12.600800000   18.307784935    0.969884604
   12.619600000   18.326323768    0.942921048
   12.638400000   18.343938145    0.880057432
   12.657200000   18.361010280    0.833739721
   12.676000000   18.378067035    0.778856834
   12.694800000   18.392929122    0.729709181
   12.713600000   18.406842483    0.652461864
   12.732400000   18.419547042    0.614725961
   12.751200000   18.430650192    0.572766773
   12.770000000   18.442581018    0.557342049
   12.788800000   18.452304641    0.536683077
   12.807600000   18.463176451    0.498677161
   12.826400000   18.475089569    0.503519676
   12.845200000   18.486220052    0.529678913
   12.864000000   18.495791061    0.557874222
   12.882800000   18.507257423    0.542708049
   12.901600000   18.516707050    0.537714106
   12.920400000   18.529011113    0.510030888
   12.939200000   18.539028856    0.475529203
   12.958000000   18.548993325    0.439523275
   12.976800000   18.557523840    0.351694761
   12.995600000   18.563300233    0.243320959
   13.014400000   18.566316344    0.108133519
   13.033200000   18.566777244   -0.040944461
   13.052000000   18.565484092   -0.234680927
   13.070800000   18.561272463   -0.437910949
   13.089600000   18.551746520   -0.637864296
   13.108400000   18.538490098   -0.824600611
   13.127200000   18.521427268   -1.023723564
   13.146000000   18.500455853   -1.189569942
   13.164800000   18.477702507   -1.370406941
   13.183600000   18.452530522   -1.507039514
   13.202400000   18.424430792   -1.621501930
   13.221200000   18.392262441   -1.688196812
   13.240000000   18.360223457   -1.746044280
   13.258800000   18.327598397   -1.799955586
   13.277600000   18.295420498   -1.836176291
   13.296400000   18.261298732   -1.812696288
   13.315200000   18.227751443   -1.822253059
   13.334000000   18.195041746   -1.821227966
   13.352800000   18.162186967   -1.814443834
   13.371600000   18.127920844   -1.851936779
   13.390400000   18.092813968   -1.880306789
   13.409200000   18.055885677   -1.954828661
   13.428000000   18.019811502   -2.050112611
   13.446800000   17.980471686   -2.143505043
   13.465600000   17.939671764   -2.253828831
   13.484400000   17.896803053   -2.412365506
   13.503200000   17.850806295   -2.551999590
   13.522000000   17.802406932   -2.701540032
   13.540800000   17.751205856   -2.862704818
   13.559600000   17.696846400   -2.988882555
   13.578400000   17.639346777   -3.130867603
   13.597200000   17.579608251   -3.255070289
   13.616000000   17.518773213   -3.348588933
   13.634800000   17.456431193   -3.428785552
   13.653600000   17.392227651   -3.453797069
   13.672400000   17.327209164   -3.479830117
   13.691200000   17.262862096   -3.489692452
   13.710000000   17.197375635   -3.475033485
   13.728800000   17.133382871   -3.437209248
   13.747600000   17.069978062   -3.374388254
   13.766400000   17.005594889   -3.338903515
   13.785200000   16.945680955   -3.320740067
   13.804000000   16.883961211   -3.293568027
   13.822800000   16.822794659   -3.261357454
   13.841600000   16.761868066   -3.259305483
   13.860400000   16.700499042   -3.282396312
   13.879200000   16.637173165   -3.317761478
   13.898000000   16.576071333   -3.371886006
   13.916800000   16.512675061   -3.403065035
   13.935600000   16.450062134   -3.459203387
   13.954400000   16.384735933   -3.500239763
   13.973200000   16.319112714   -3.559864208
   13.992000000   16.253064586   -3.580739557
   14.010800000   16.187311012   -3.606247222
   14.029600000   16.119587280   -3.635930941
   14.048400000   16.051100686   -3.611831021
   14.067200000   15.984111073   -3.567337820
   14.086000000   15.917969529   -3.551203059
   14.104800000   15.852287312   -3.482859139
   14.123600000   15.787129596   -3.418311904
   14.142400000   15.724339820   -3.352560460
   14.161200000   15.662115664   -3.325618200
   14.180000000   15.600963418   -3.260439244
   14.198800000   15.540987622   -3.232866963
   14.217600000   15.480936423   -3.174656023
   14.236400000   15.423202597   -3.154915115
   14.255200000   15.364119972   -3.171533117
   14.274000000   15.303743567   -3.147473938
   14.292800000   15.244083806   -3.140069942
   14.311600000   15.185663522   -3.161277544
   14.330400000   15.127775863   -3.171171425
   14.349200000   15.070158999   -3.179625332
   14.368000000   15.009238602   -3.181787421
   14.386800000   14.950473846   -3.180715039
   14.405600000   14.890323471   -3.155271456
   14.424400000   14.832230658   -3.137987107
   14.443200000   14.774786330   -3.106451221
   14.462000000   14.717681331   -3.080917719
   14.480800000   14.661413667   -3.021726391
   14.499600000   14.605856827   -2.960890927
   14.518400000   14.550616562   -2.897251851
   14.537200000   14.497826576   -2.840606909
   14.556000000   14.445385584   -2.773232641
   14.574800000   14.394215473   -2.742411605
   14.593600000   14.342523528   -2.708125278
   14.612400000   14.293040032   -2.672686103
   14.631200000   14.243049505   -2.625683071
   14.650000000   14.195253891   -2.591429927
   14.668800000   14.148082750   -2.572871786
   14.687600000   14.100922301   -2.547255897
   14.706400000   14.054061117   -2.538269706
   14.725200000   14.007564781   -2.496290220
   14.744000000   13.961227512   -2.449226794
   14.762800000   13.914899842   -2.454722457
   14.781600000   13.868691340   -2.419767787
   14.800400000   13.823517639   -2.375100961
   14.819200000   13.780536441   -2.364923882
   14.838000000   13.737683181   -2.330353378
   14.856800000   13.697292413   -2.294659402
   14.875600000   13.654758684   -2.240736299
   14.894400000   13.614501315   -2.168679848
   14.913200000   13.574321247   -2.107598912
   14.932000000   13.536131537   -2.065052836
   14.950800000   13.496600232   -2.039826596
   14.969600000   13.458401381   -2.017805225
   14.988400000   13.421567148   -1.991632029
   15.007200000   13.384436922   -1.971211675
   15.026000000   13.348437621   -1.984800375
   15.044800000   13.311978170   -1.999629020
   15.063600000   13.275658370   -1.977627781
   15.082400000   13.239393745   -1.982969849
   15.101200000   13.203327273   -1.961297810
   15.120000000   13.168337985   -1.948987851
   15.138800000   13.132351415   -1.945213247
   15.157600000   13.097441666   -1.935453580
   15.176400000   13.060482500   -1.919516349
   15.195200000   13.024699631   -1.877064924
   15.214000000   12.990881823   -1.887865617
   15.232800000   12.954432971   -1.864417574
   15.251600000   12.920506575   -1.847030347
   15.270400000   12.887005372   -1.803167181
   15.289200000   12.854112393   -1.788884951
   15.308000000   12.822947589   -1.770794596
   15.326800000   12.791735615   -1.763970442
   15.345600000   12.759034126   -1.731476590
   15.364400000   12.727653151   -1.692793954
   15.383200000   12.695806351   -1.667108764
   15.402000000   12.664974145   -1.653496879
   15.420800000   12.634334678   -1.655399794
   15.439600000   12.604376011   -1.605023539
   15.458400000   12.574743189   -1.566369692
   15.477200000   12.547456041   -1.551078925
   15.496000000   12.520075804   -1.492093531
   15.514800000   12.492937730   -1.407811767
   15.533600000   12.468971980   -1.348973303
   15.552400000   12.444076007   -1.264559396
   15.571200000   12.421663431   -1.193196154
   15.590000000   12.399478482   -1.112133776
   15.608800000   12.381083991   -1.048808067
   15.627600000   12.362910624   -0.955652863
   15.646400000   12.346908998   -0.887299257
   15.665200000   12.330794835   -0.821063349
   15.684000000   12.316925307   -0.753249596
   15.702800000   12.305546007   -0.728983466
   15.721600000   12.293127488   -0.695735582
   15.740400000   12.279896685   -0.679509788
   15.759200000   12.268194680   -0.654592008
   15.778000000   12.256857518   -0.607288169
   15.796800000   12.244573146   -0.589049825
   15.815600000   12.236413153   -0.587858273
   15.834400000   12.226267022   -0.551910227
   15.853200000   12.217198590   -0.521527491
   15.872000000   12.208045084   -0.482159235
   15.890800000   12.200185761   -0.432014094
   15.909600000   12.193278293   -0.401577177
   15.928400000   12.185850704   -0.367334469
   15.947200000   12.180706030   -0.324642237
   15.966000000   12.176598010   -0.297743941
   15.984800000   12.172450117   -0.262432539
   16.003600000   12.167759079   -0.265299958
   16.022400000   12.163091883   -0.303940767
   16.041200000   12.158995953   -0.344309775
   16.060000000   12.152804481   -0.373872262
   16.078800000   12.145793130   -0.419710832
   16.097600000   12.137810101   -0.453110554
   16.116400000   12.129354657   -0.499361679
   16.135200000   12.120592340   -0.541784998
   16.154000000   12.111350299   -0.589914994
   16.172800000   12.099652712   -0.624996940
   16.191600000   12.088823504   -0.644371250
   16.210400000   12.078038917   -0.716763053
   16.229200000   12.066448134   -0.723793645
   16.248000000   12.053425263   -0.720230156
   16.266800000   12.042217363   -0.699502143
   16.285600000   12.030462247   -0.663629964
   16.304400000   12.016998683   -0.638032652
   16.323200000   12.005093827   -0.644692702
   16.342000000   11.992655003   -0.621660214
   16.360800000   11.982457094   -0.608194903
   16.379600000   11.971910576   -0.606466874
   16.398400000   11.963642530   -0.630164755
   16.417200000   11.953211002   -0.639209724
   16.436000000   11.940967427   -0.643310019
   16.454800000   11.929906486   -0.654075874
   16.473600000   11.918183687   -0.674500154
   16.492400000   11.907134316   -0.676466158
   16.511200000   11.893613644   -0.662754494
   16.530000000   11.880527150   -0.675509576
   16.548800000   11.867814958   -0.645826099
   16.567600000   11.856298333   -0.595393124
   16.586400000   11.847566251   -0.545617659
   16.605200000   11.838679598   -0.469799390
   16.624000000   11.832385113   -0.396222435
   16.642800000   11.826285584   -0.292575662
   16.661600000   11.823363766   -0.192967482
   16.680400000   11.822678993   -0.112966189
   16.699200000   11.823342875    0.010415349
   16.718000000   11.825158876    0.129183138
   16.736800000   11.828610430    0.187731615
   16.755600000   11.833295845    0.246104022
   16.774400000   11.839060434    0.257601767
   16.793200000   11.844144563    0.213189826
   16.812000000   11.847877275    0.145396235
   16.830800000   11.851201248    0.020793974
   16.849600000   11.851282677   -0.145463949
   16.868400000   11.847988742   -0.354168605
   16.887200000   11.840244271   -0.532653419
   16.906000000   11.829591289   -0.740082977
   16.924800000   11.815591476   -0.935429567
   16.943600000   11.797126688   -1.114028634
   16.962400000   11.774772093   -1.275043893
   16.981200000   11.749781114   -1.403610328
   17.000000000   11.722892858   -1.496377451
