#! FIELDS distance.z ffz2 dffz2_distance.z
#! SET normalisation  1.000000
#! SET min_distance.z 7.6
#! SET max_distance.z 17.0
#! SET nbins_distance.z  500
#! SET periodic_distance.z false
 7.600000 5.403642 -19.050004
 7.618800 4.961819 -18.631779
 7.637600 4.545746 -18.178378
 7.656400 4.155663 -17.682809
 7.675200 3.788293 -17.149489
 7.694000 3.442892 -16.571237
 7.712800 3.117338 -15.955058
 7.731600 2.808884 -15.319615
 7.750400 2.517265 -14.661042
 7.769200 2.241287 -13.987798
 7.788000 1.980654 -13.299053
 7.806800 1.734377 -12.605339
 7.825600 1.502037 -11.910325
 7.844400 1.283208 -11.219030
 7.863200 1.077741 -10.531881
 7.882000 0.885657 -9.846058
 7.900800 0.706550 -9.167130
 7.919600 0.540278 -8.495473
 7.938400 0.386635 -7.832560
 7.957200 0.245408 -7.179785
 7.976000 0.116387 -6.538130
 7.994800 -0.000656 -5.908567
 8.013600 -0.105961 -5.291889
 8.032400 -0.199782 -4.688823
 8.051200 -0.282397 -4.100216
 8.070000 -0.354075 -3.526273
 8.088800 -0.415099 -2.967224
 8.107600 -0.465751 -2.423044
 8.126400 -0.506309 -1.893509
 8.145200 -0.537045 -1.378248
 8.164000 -0.558223 -0.876755
 8.182800 -0.570098 -0.388480
 8.201600 -0.572913 0.087153
 8.220400 -0.566899 0.550728
 8.239200 -0.552279 1.002823
 8.258000 -0.529263 1.444009
 8.276800 -0.498049 1.874873
 8.295600 -0.458826 2.296002
 8.314400 -0.411771 2.707911
 8.333200 -0.357051 3.111062
 8.352000 -0.294823 3.505635
 8.370800 -0.225245 3.891550
 8.389600 -0.148475 4.268178
 8.408400 -0.064687 4.634495
 8.427200 0.025923 4.988965
 8.446000 0.123125 5.329605
 8.464800 0.226659 5.653875
 8.483600 0.336208 5.959583
 8.502400 0.451419 6.244517
 8.521200 0.571882 6.507678
 8.540000 0.697242 6.746778
 8.558800 0.827041 6.962789
 8.577600 0.961002 7.153606
 8.596400 1.098662 7.323028
 8.615200 1.239381 7.480754
 8.634000 1.383189 7.621579
 8.652800 1.529836 7.747978
 8.671600 1.678965 7.864813
 8.690400 1.830659 7.967157
 8.709200 1.984616 8.058132
 8.728000 2.140461 8.142153
 8.746800 2.297970 8.220244
 8.765600 2.456804 8.295565
 8.784400 2.617533 8.350356
 8.803200 2.778931 8.408062
 8.822000 2.941388 8.457296
 8.840800 3.104866 8.496203
 8.859600 3.269313 8.524012
 8.878400 3.434504 8.543622
 8.897200 3.600222 8.559075
 8.916000 3.766262 8.572635
 8.934800 3.932542 8.583169
 8.953600 4.099036 8.587770
 8.972400 4.265438 8.587387
 8.991200 4.432044 8.569547
 9.010000 4.598078 8.545296
 9.028800 4.763528 8.509401
 9.047600 4.927911 8.468136
 9.066400 5.091875 8.404895
 9.085200 5.254165 8.347493
 9.104000 5.415536 8.281438
 9.122800 5.575722 8.216538
 9.141600 5.734866 8.154515
 9.160400 5.892476 8.110677
 9.179200 6.049302 8.072101
 9.198000 6.205745 8.030843
 9.216800 6.361426 7.993729
 9.235600 6.515348 7.980605
 9.254400 6.669210 7.947958
 9.273200 6.822604 7.896541
 9.292000 6.975063 7.830784
 9.310800 7.125589 7.768499
 9.329600 7.274817 7.692596
 9.348400 7.422279 7.612392
 9.367200 7.568096 7.526450
 9.386000 7.712830 7.423218
 9.404800 7.855354 7.331902
 9.423600 7.996170 7.244503
 9.442400 8.135386 7.161401
 9.461200 8.272725 7.090603
 9.480000 8.409018 7.013280
 9.498800 8.543579 6.946622
 9.517600 8.676327 6.893900
 9.536400 8.808562 6.823811
 9.555200 8.939399 6.758785
 9.574000 9.068411 6.710593
 9.592800 9.196648 6.654231
 9.611600 9.323761 6.596820
 9.630400 9.449817 6.534432
 9.649200 9.574623 6.469002
 9.668000 9.698020 6.400714
 9.686800 9.819966 6.327136
 9.705600 9.940727 6.238588
 9.724400 10.059556 6.152743
 9.743200 10.176419 6.071830
 9.762000 10.291901 5.984039
 9.780800 10.405665 5.902549
 9.799600 10.517937 5.827544
 9.818400 10.628758 5.763451
 9.837200 10.738567 5.704307
 9.856000 10.847141 5.659467
 9.874800 10.955045 5.616336
 9.893600 11.061997 5.582489
 9.912400 11.168324 5.547770
 9.931200 11.274064 5.507799
 9.950000 11.378707 5.472531
 9.968800 11.482613 5.428797
 9.987600 11.585556 5.379180
 10.006400 11.687885 5.312056
 10.025200 11.788546 5.255422
 10.044000 11.887992 5.198467
 10.062800 11.986519 5.135270
 10.081600 12.083744 5.078721
 10.100400 12.179981 5.022144
 10.119200 12.275421 4.960920
 10.138000 12.369454 4.911368
 10.156800 12.462538 4.858881
 10.175600 12.554404 4.807067
 10.194400 12.645376 4.742556
 10.213200 12.735108 4.671424
 10.232000 12.823333 4.599611
 10.250800 12.910251 4.521865
 10.269600 12.995680 4.445526
 10.288400 13.079700 4.373614
 10.307200 13.162201 4.315129
 10.326000 13.243616 4.263908
 10.344800 13.324289 4.214809
 10.363600 13.404065 4.176003
 10.382400 13.483043 4.146197
 10.401200 13.561756 4.109267
 10.420000 13.639625 4.080142
 10.438800 13.716782 4.052332
 10.457600 13.793364 4.018217
 10.476400 13.869366 3.973902
 10.495200 13.944405 3.926500
 10.514000 14.018376 3.875719
 10.532800 14.091458 3.811815
 10.551600 14.163206 3.744362
 10.570400 14.233451 3.675129
 10.589200 14.302419 3.594693
 10.608000 14.369843 3.509445
 10.626800 14.435697 3.421062
 10.645600 14.499900 3.335085
 10.664400 14.562425 3.256210
 10.683200 14.623567 3.180560
 10.702000 14.683195 3.116925
 10.720800 14.741815 3.052967
 10.739600 14.799238 2.995400
 10.758400 14.855516 2.938463
 10.777200 14.910694 2.876881
 10.796000 14.964531 2.808615
 10.814800 15.017072 2.719800
 10.833600 15.067706 2.612251
 10.852400 15.116025 2.479188
 10.871200 15.161545 2.314148
 10.890000 15.203635 2.114684
 10.908800 15.241517 1.883798
 10.927600 15.274900 1.615570
 10.946400 15.302898 1.333423
 10.965200 15.325431 1.045547
 10.984000 15.342682 0.768707
 11.002800 15.355000 0.517699
 11.021600 15.362921 0.308307
 11.040400 15.367299 0.150233
 11.059200 15.369232 0.037516
 11.078000 15.369381 -0.035306
 11.096800 15.368359 -0.080854
 11.115600 15.366644 -0.117621
 11.134400 15.364227 -0.154543
 11.153200 15.360958 -0.204312
 11.172000 15.356698 -0.261888
 11.190800 15.351266 -0.324963
 11.209600 15.344675 -0.381462
 11.228400 15.337188 -0.419837
 11.247200 15.329245 -0.424368
 11.266000 15.321634 -0.387036
 11.284800 15.315135 -0.303321
 11.303600 15.310587 -0.173314
 11.322400 15.308871 -0.005689
 11.341200 15.310622 0.189704
 11.360000 15.316172 0.399441
 11.378800 15.325723 0.612174
 11.397600 15.339177 0.812293
 11.416400 15.356202 0.987605
 11.435200 15.376206 1.127063
 11.454000 15.398424 1.223559
 11.472800 15.422011 1.272595
 11.491600 15.446111 1.271102
 11.510400 15.469763 1.226906
 11.529200 15.492211 1.147909
 11.548000 15.512901 1.046517
 11.566800 15.531600 0.935593
 11.585600 15.548292 0.832052
 11.604400 15.563237 0.753084
 11.623200 15.577038 0.713799
 11.642000 15.590545 0.721633
 11.660800 15.604800 0.785460
 11.679600 15.620793 0.909069
 11.698400 15.639589 1.086868
 11.717200 15.662172 1.317233
 11.736000 15.689543 1.583211
 11.754800 15.722242 1.875635
 11.773600 15.760593 2.180285
 11.792400 15.804528 2.481781
 11.811200 15.853918 2.750496
 11.830000 15.907908 2.963963
 11.848800 15.965108 3.097275
 11.867600 16.023809 3.121855
 11.886400 16.082237 3.005756
 11.905200 16.136887 2.779578
 11.924000 16.186271 2.443583
 11.942800 16.228595 2.047442
 11.961600 16.263579 1.654536
 11.980400 16.291723 1.333902
 11.999200 16.314824 1.133122
 12.018000 16.335689 1.062043
 12.036800 16.356418 1.130740
 12.055600 16.379487 1.308213
 12.074400 16.406510 1.561056
 12.093200 16.438914 1.835174
 12.112000 16.476314 2.111442
 12.130800 16.518583 2.342524
 12.149600 16.564453 2.504203
 12.168400 16.612663 2.569546
 12.187200 16.661235 2.540683
 12.206000 16.708313 2.437534
 12.224800 16.752920 2.283719
 12.243600 16.794421 2.125702
 12.262400 16.833264 2.001627
 12.281200 16.870293 1.947248
 12.300000 16.907151 1.981656
 12.318800 16.945469 2.100162
 12.337600 16.986788 2.279798
 12.356400 17.031815 2.502728
 12.375200 17.081447 2.713526
 12.394000 17.134420 2.901162
 12.412800 17.190199 3.004639
 12.431600 17.247368 2.960350
 12.450400 17.302111 2.799926
 12.469200 17.352346 2.487829
 12.488000 17.395184 2.045767
 12.506800 17.428902 1.519370
 12.525600 17.452499 0.976950
 12.544400 17.466449 0.484365
 12.563200 17.471957 0.105813
 12.582000 17.471544 -0.144863
 12.600800 17.467593 -0.267784
 12.619600 17.462306 -0.283637
 12.638400 17.457458 -0.230385
 12.657200 17.454229 -0.121526
 12.676000 17.453743 0.001618
 12.694800 17.455339 0.168773
 12.713600 17.460224 0.342507
 12.732400 17.467942 0.503715
 12.751200 17.479186 0.683974
 12.770000 17.493722 0.856835
 12.788800 17.511341 1.004197
 12.807600 17.531116 1.084151
 12.826400 17.548941 0.964694
 12.845200 17.564970 0.697508
 12.864000 17.573641 0.177242
 12.882800 17.570046 -0.613862
 12.901600 17.547755 -1.668596
 12.920400 17.505961 -2.783427
 12.939200 17.443644 -3.820022
 12.958000 17.363828 -4.628679
 12.976800 17.270925 -5.157803
 12.995600 17.171452 -5.383354
 13.014400 17.070235 -5.362842
 13.033200 16.971224 -5.143011
 13.052000 16.877720 -4.785055
 13.070800 16.791919 -4.330875
 13.089600 16.712760 -3.886172
 13.108400 16.644488 -3.374597
 13.127200 16.585831 -2.869163
 13.146000 16.536364 -2.401935
 13.164800 16.495106 -2.008055
 13.183600 16.447690 -2.133026
 13.202400 16.406397 -2.295271
 13.221200 16.342786 -3.290820
 13.240000 16.271234 -4.380783
 13.258800 16.176313 -5.744918
 13.277600 16.054718 -7.147116
 13.296400 15.908146 -8.327246
 13.315200 15.741027 -9.152007
 13.334000 15.563120 -9.540753
 13.352800 15.383286 -9.531860
 13.371600 15.206432 -9.243992
 13.390400 15.036927 -8.762280
 13.409200 14.877742 -8.153205
 13.428000 14.730855 -7.462101
 13.446800 14.596211 -6.752866
 13.465600 14.476307 -6.001586
 13.484400 14.370585 -5.245894
 13.503200 14.278954 -4.502233
 13.522000 14.201124 -3.782469
 13.540800 14.136471 -3.100670
 13.559600 14.084212 -2.468252
 13.578400 14.041296 -1.964690
 13.597200 14.008541 -1.526115
 13.616000 13.983075 -1.205002
 13.634800 13.962317 -1.029206
 13.653600 13.943324 -1.020753
 13.672400 13.920578 -1.269619
 13.691200 13.891874 -1.719862
 13.710000 13.854077 -2.327876
 13.728800 13.799840 -3.178502
 13.747600 13.732244 -4.012772
 13.766400 13.646327 -4.885285
 13.785200 13.546899 -5.602333
 13.804000 13.436310 -6.130952
 13.822800 13.317579 -6.470146
 13.841600 13.194157 -6.631861
 13.860400 13.069153 -6.644025
 13.879200 12.945090 -6.536419
 13.898000 12.823974 -6.333946
 13.916800 12.704690 -6.127006
 13.935600 12.592048 -5.825749
 13.954400 12.485760 -5.476839
 13.973200 12.384994 -5.128875
 13.992000 12.292206 -4.737964
 14.010800 12.206800 -4.342863
 14.029600 12.128803 -3.958643
 14.048400 12.057755 -3.607618
 14.067200 11.992819 -3.310952
 14.086000 11.932750 -3.088212
 14.104800 11.876156 -2.945919
 14.123600 11.821506 -2.878893
 14.142400 11.767585 -2.862968
 14.161200 11.713486 -2.867803
 14.180000 11.659699 -2.837521
 14.198800 11.607223 -2.729496
 14.217600 11.557010 -2.541676
 14.236400 11.511465 -2.251025
 14.255200 11.472663 -1.863010
 14.274000 11.441313 -1.432316
 14.292800 11.418617 -0.985399
 14.311600 11.403967 -0.592805
 14.330400 11.394555 -0.360493
 14.349200 11.388462 -0.325688
 14.368000 11.380472 -0.576119
 14.386800 11.364490 -1.150215
 14.405600 11.335443 -1.975384
 14.424400 11.289593 -2.906363
 14.443200 11.226475 -3.756288
 14.462000 11.149843 -4.357125
 14.480800 11.064812 -4.634718
 14.499600 10.977552 -4.610386
 14.518400 10.892705 -4.350052
 14.537200 10.814677 -3.916303
 14.556000 10.745991 -3.376145
 14.574800 10.688042 -2.783322
 14.593600 10.641410 -2.178376
 14.612400 10.606011 -1.593059
 14.631200 10.581181 -1.054960
 14.650000 10.565833 -0.592425
 14.668800 10.558405 -0.214620
 14.687600 10.557088 0.055863
 14.706400 10.559838 0.206840
 14.725200 10.564274 0.246588
 14.744000 10.568496 0.187707
 14.762800 10.570936 0.064759
 14.781600 10.570808 -0.077464
 14.800400 10.567626 -0.211127
 14.819200 10.562761 -0.279018
 14.838000 10.557556 -0.260337
 14.856800 10.553464 -0.160558
 14.875600 10.551676 -0.005579
 14.894400 10.553344 0.178921
 14.913200 10.558211 0.339791
 14.932000 10.565449 0.425388
 14.950800 10.573225 0.366554
 14.969600 10.578600 0.150150
 14.988400 10.577999 -0.244745
 15.007200 10.568087 -0.816330
 15.026000 10.546011 -1.488099
 15.044800 10.511717 -2.141945
 15.063600 10.465509 -2.716973
 15.082400 10.410362 -3.110378
 15.101200 10.349620 -3.322589
 15.120000 10.285979 -3.399536
 15.138800 10.222390 -3.349391
 15.157600 10.160414 -3.237389
 15.176400 10.100818 -3.108777
 15.195200 10.043488 -2.989983
 15.214000 9.988170 -2.899332
 15.232800 9.934277 -2.837901
 15.251600 9.881492 -2.798214
 15.270400 9.829370 -2.745895
 15.289200 9.778440 -2.661323
 15.308000 9.729640 -2.519039
 15.326800 9.684191 -2.302473
 15.345600 9.643588 -2.002778
 15.364400 9.609217 -1.626726
 15.383200 9.582426 -1.187705
 15.402000 9.564221 -0.702596
 15.420800 9.555902 -0.179668
 15.439600 9.557434 0.339499
 15.458400 9.568297 0.809679
 15.477200 9.587193 1.177481
 15.496000 9.610462 1.329058
 15.514800 9.634953 1.222559
 15.533600 9.654254 0.756413
 15.552400 9.659176 -0.162242
 15.571200 9.644492 -1.373779
 15.590000 9.606283 -2.679741
 15.608800 9.542677 -3.902468
 15.627600 9.460558 -4.773996
 15.646400 9.365486 -5.287998
 15.665200 9.263782 -5.491567
 15.684000 9.160453 -5.474650
 15.702800 9.058798 -5.323030
 15.721600 8.960749 -5.099386
 15.740400 8.866906 -4.852665
 15.759200 8.778146 -4.579387
 15.778000 8.694823 -4.280590
 15.796800 8.617381 -3.955021
 15.815600 8.546449 -3.583749
 15.834400 8.482909 -3.164308
 15.853200 8.427807 -2.694645
 15.872000 8.381960 -2.175824
 15.890800 8.346198 -1.621447
 15.909600 8.321018 -1.048562
 15.928400 8.306736 -0.472528
 15.947200 8.303127 0.083059
 15.966000 8.309472 0.590468
 15.984800 8.324800 1.029645
 16.003600 8.347482 1.374017
 16.022400 8.375675 1.608553
 16.041200 8.407180 1.724133
 16.060000 8.439736 1.720333
 16.078800 8.470988 1.600014
 16.097600 8.499266 1.386815
 16.116400 8.522783 1.097744
 16.135200 8.540345 0.745792
 16.154000 8.550740 0.352964
 16.172800 8.553435 -0.069205
 16.191600 8.548101 -0.495607
 16.210400 8.535020 -0.886905
 16.229200 8.515415 -1.209798
 16.248000 8.490479 -1.412651
 16.266800 8.462860 -1.485254
 16.285600 8.435491 -1.428668
 16.304400 8.410477 -1.227907
 16.323200 8.390193 -0.917824
 16.342000 8.376736 -0.541945
 16.360800 8.370563 -0.111658
 16.379600 8.372526 0.317741
 16.398400 8.382146 0.702071
 16.417200 8.398326 1.000694
 16.436000 8.418931 1.164842
 16.454800 8.440969 1.152496
 16.473600 8.461185 0.941785
 16.492400 8.475646 0.559863
 16.511200 8.481734 0.077113
 16.530000 8.478585 -0.411895
 16.548800 8.467040 -0.793100
 16.567600 8.449991 -0.992218
 16.586400 8.431159 -0.975668
 16.605200 8.414440 -0.763524
 16.624000 8.403343 -0.393243
 16.642800 8.400519 0.081912
 16.661600 8.407085 0.623186
 16.680400 8.423995 1.174533
 16.699200 8.451278 1.687567
 16.718000 8.487522 2.144215
 16.736800 8.531583 2.501006
 16.755600 8.581246 2.737409
 16.774400 8.633921 2.839097
 16.793200 8.687082 2.792489
 16.812000 8.738479 2.593308
 16.830800 8.784642 2.301548
 16.849600 8.824582 1.940438
 16.868400 8.857351 1.561458
 16.887200 8.883507 1.233995
 16.906000 8.904377 1.005262
 16.924800 8.922183 0.906546
 16.943600 8.939403 0.950316
 16.962400 8.958722 1.124801
 16.981200 8.982787 1.388003
 17.000000 9.012907 1.711602
