#! FIELDS distance.z ffz2 dffz2_distance.z
#! SET normalisation  1.000000
#! SET min_distance.z 7.6
#! SET max_distance.z 17.0
#! SET nbins_distance.z  500
#! SET periodic_distance.z false
 7.600000 5.504433 -19.079113
 7.618800 5.069083 -18.614253
 7.637600 4.654199 -18.157523
 7.656400 4.259509 -17.693150
 7.675200 3.891178 -17.165423
 7.694000 3.546714 -16.576713
 7.712800 3.216136 -16.008032
 7.731600 2.906145 -15.383030
 7.750400 2.610647 -14.760896
 7.769200 2.331277 -14.116005
 7.788000 2.066806 -13.458048
 7.806800 1.815921 -12.802037
 7.825600 1.579031 -12.138073
 7.844400 1.355366 -11.475191
 7.863200 1.144781 -10.812802
 7.882000 0.946976 -10.153791
 7.900800 0.761800 -9.498344
 7.919600 0.589066 -8.847616
 7.938400 0.428584 -8.202957
 7.957200 0.280227 -7.564514
 7.976000 0.143876 -6.932095
 7.994800 0.019384 -6.306355
 8.013600 -0.093399 -5.687864
 8.032400 -0.194606 -5.076813
 8.051200 -0.284390 -4.473758
 8.070000 -0.362909 -3.879266
 8.088800 -0.430335 -3.294088
 8.107600 -0.486850 -2.719000
 8.126400 -0.532652 -2.154934
 8.145200 -0.567961 -1.602927
 8.164000 -0.593012 -1.064060
 8.182800 -0.608065 -0.539478
 8.201600 -0.613397 -0.030284
 8.220400 -0.609309 0.462504
 8.239200 -0.596117 0.938046
 8.258000 -0.574152 1.395730
 8.276800 -0.543752 1.835263
 8.295600 -0.505259 2.256682
 8.314400 -0.459008 2.660373
 8.333200 -0.405325 3.047039
 8.352000 -0.344521 3.417691
 8.370800 -0.276879 3.773320
 8.389600 -0.202665 4.115069
 8.408400 -0.122122 4.444055
 8.427200 -0.035479 4.761276
 8.446000 0.057087 5.066444
 8.464800 0.155333 5.361008
 8.483600 0.259123 5.643211
 8.502400 0.368207 5.913773
 8.521200 0.482361 6.172152
 8.540000 0.601452 6.414692
 8.558800 0.725113 6.643104
 8.577600 0.853137 6.854316
 8.596400 0.985085 7.050467
 8.615200 1.120766 7.227636
 8.634000 1.259798 7.386417
 8.652800 1.401809 7.527370
 8.671600 1.546650 7.646458
 8.690400 1.693899 7.746840
 8.709200 1.842926 7.837526
 8.728000 1.993809 7.912128
 8.746800 2.146422 7.968755
 8.765600 2.300189 8.016954
 8.784400 2.454868 8.058494
 8.803200 2.610259 8.094934
 8.822000 2.766492 8.119910
 8.840800 2.923392 8.135072
 8.859600 3.080503 8.148156
 8.878400 3.238148 8.151323
 8.897200 3.395703 8.158532
 8.916000 3.553267 8.168090
 8.934800 3.711149 8.174924
 8.953600 3.869190 8.182431
 8.972400 4.027262 8.193979
 8.991200 4.185997 8.193267
 9.010000 4.344365 8.200541
 9.028800 4.503057 8.195932
 9.047600 4.661571 8.183764
 9.066400 4.819887 8.158007
 9.085200 4.977143 8.131784
 9.104000 5.133851 8.087784
 9.122800 5.289567 8.031527
 9.141600 5.444170 7.963253
 9.160400 5.597781 7.879489
 9.179200 5.749213 7.807563
 9.198000 5.900138 7.710351
 9.216800 6.048258 7.642562
 9.235600 6.195396 7.564976
 9.254400 6.340931 7.493596
 9.273200 6.485148 7.423221
 9.292000 6.627991 7.358382
 9.310800 6.769675 7.296922
 9.329600 6.910013 7.246151
 9.348400 7.049050 7.207273
 9.367200 7.187231 7.170021
 9.386000 7.324567 7.131681
 9.404800 7.461210 7.084184
 9.423600 7.597055 7.023519
 9.442400 7.731799 6.950347
 9.461200 7.864884 6.872719
 9.480000 7.996272 6.787942
 9.498800 8.125929 6.695534
 9.517600 8.253426 6.608286
 9.536400 8.379362 6.515132
 9.555200 8.503529 6.425258
 9.574000 8.625777 6.347775
 9.592800 8.746865 6.266848
 9.611600 8.866433 6.192523
 9.630400 8.985050 6.109642
 9.649200 9.101390 6.051397
 9.668000 9.216777 5.981521
 9.686800 9.330714 5.910614
 9.705600 9.443147 5.839341
 9.724400 9.554162 5.766453
 9.743200 9.663545 5.700419
 9.762000 9.771638 5.630976
 9.780800 9.878497 5.562610
 9.799600 9.984012 5.495785
 9.818400 10.088494 5.416642
 9.837200 10.191094 5.337593
 9.856000 10.292255 5.229335
 9.874800 10.390722 5.099245
 9.893600 10.486408 4.912827
 9.912400 10.578009 4.657429
 9.931200 10.663867 4.322768
 9.950000 10.742616 3.891046
 9.968800 10.812170 3.380120
 9.987600 10.871636 2.807187
 10.006400 10.919871 2.246582
 10.025200 10.958105 1.751341
 10.044000 10.988151 1.393560
 10.062800 11.013121 1.217848
 10.081600 11.036642 1.243285
 10.100400 11.062399 1.462962
 10.119200 11.093821 1.849805
 10.138000 11.133699 2.370471
 10.156800 11.184231 2.987650
 10.175600 11.247001 3.664192
 10.194400 11.322861 4.368852
 10.213200 11.411988 5.074358
 10.232000 11.514094 5.750290
 10.250800 11.628435 6.361374
 10.269600 11.753379 6.876991
 10.288400 11.886890 7.258373
 10.307200 12.026040 7.473438
 10.326000 12.167534 7.492536
 10.344800 12.307432 7.309714
 10.363600 12.442106 6.939413
 10.382400 12.568437 6.427120
 10.401200 12.684338 5.841039
 10.420000 12.789154 5.251643
 10.438800 12.883355 4.717113
 10.457600 12.968465 4.264430
 10.476400 13.045792 3.911894
 10.495200 13.126524 3.349907
 10.514000 13.189357 3.268841
 10.532800 13.250616 3.190441
 10.551600 13.310449 3.113208
 10.570400 13.368796 3.041837
 10.589200 13.425859 2.973091
 10.608000 13.481729 2.904917
 10.626800 13.536173 2.843681
 10.645600 13.589487 2.776917
 10.664400 13.641519 2.704302
 10.683200 13.692005 2.627680
 10.702000 13.741061 2.537601
 10.720800 13.788277 2.441037
 10.739600 13.833582 2.335704
 10.758400 13.876789 2.221370
 10.777200 13.917730 2.098839
 10.796000 13.956315 1.964716
 10.814800 13.992208 1.823652
 10.833600 14.025301 1.674507
 10.852400 14.055577 1.511589
 10.871200 14.082741 1.346176
 10.890000 14.106746 1.178424
 10.908800 14.127563 1.014004
 10.927600 14.145297 0.851933
 10.946400 14.160004 0.695553
 10.965200 14.171811 0.540746
 10.984000 14.180749 0.392899
 11.002800 14.186960 0.246505
 11.021600 14.190394 0.109636
 11.040400 14.191336 -0.016711
 11.059200 14.189997 -0.128394
 11.078000 14.186815 -0.219716
 11.096800 14.182144 -0.282156
 11.115600 14.176533 -0.316490
 11.134400 14.170551 -0.326771
 11.153200 14.164538 -0.316241
 11.172000 14.158880 -0.291029
 11.190800 14.153726 -0.259614
 11.209600 14.149174 -0.228453
 11.228400 14.145192 -0.202046
 11.247200 14.141659 -0.178902
 11.266000 14.138549 -0.156616
 11.284800 14.135863 -0.133136
 11.303600 14.133672 -0.103985
 11.322400 14.132080 -0.066703
 11.341200 14.131318 -0.018698
 11.360000 14.131522 0.039701
 11.378800 14.132922 0.107131
 11.397600 14.135674 0.181835
 11.416400 14.139885 0.260527
 11.435200 14.145608 0.343257
 11.454000 14.152890 0.427246
 11.472800 14.161760 0.512403
 11.491600 14.172243 0.594466
 11.510400 14.184245 0.673839
 11.529200 14.197686 0.747055
 11.548000 14.212452 0.811458
 11.566800 14.228336 0.870470
 11.585600 14.245299 0.921607
 11.604400 14.263134 0.971897
 11.623200 14.281937 1.024086
 11.642000 14.301797 1.084829
 11.660800 14.322969 1.159663
 11.679600 14.345715 1.253481
 11.698400 14.370471 1.363860
 11.717200 14.397369 1.492465
 11.736000 14.426810 1.624224
 11.754800 14.458684 1.753195
 11.773600 14.492827 1.866390
 11.792400 14.528905 1.949376
 11.811200 14.566214 1.997341
 11.830000 14.604032 2.006453
 11.848800 14.641671 1.977292
 11.867600 14.678519 1.918592
 11.886400 14.714126 1.843238
 11.905200 14.748223 1.770189
 11.924000 14.781078 1.707848
 11.942800 14.812931 1.667990
 11.961600 14.844310 1.652304
 11.980400 14.875630 1.658981
 11.999200 14.907150 1.683481
 12.018000 14.939207 1.709785
 12.036800 14.971745 1.729701
 12.055600 15.004610 1.731908
 12.074400 15.037298 1.718443
 12.093200 15.069657 1.683192
 12.112000 15.101136 1.641406
 12.130800 15.131729 1.599990
 12.149600 15.161646 1.566798
 12.168400 15.191105 1.555356
 12.187200 15.220701 1.568285
 12.206000 15.250697 1.617708
 12.224800 15.281929 1.692544
 12.243600 15.314726 1.791558
 12.262400 15.349600 1.899419
 12.281200 15.386716 2.008290
 12.300000 15.425675 2.121683
 12.318800 15.466637 2.220993
 12.337600 15.509360 2.295627
 12.356400 15.553272 2.346638
 12.375200 15.597916 2.364616
 12.394000 15.642459 2.350284
 12.412800 15.686375 2.290706
 12.431600 15.728656 2.187690
 12.450400 15.768585 2.036907
 12.469200 15.805325 1.841060
 12.488000 15.838085 1.614542
 12.506800 15.866343 1.374638
 12.525600 15.890190 1.135868
 12.544400 15.909717 0.924962
 12.563200 15.925643 0.751499
 12.582000 15.938888 0.628647
 12.600800 15.950137 0.563432
 12.619600 15.960730 0.544826
 12.638400 15.971282 0.567148
 12.657200 15.982494 0.613817
 12.676000 15.994769 0.671137
 12.694800 16.008066 0.730274
 12.713600 16.022324 0.774562
 12.732400 16.037297 0.796152
 12.751200 16.052417 0.788880
 12.770000 16.067021 0.753846
 12.788800 16.080668 0.687013
 12.807600 16.092811 0.595168
 12.826400 16.103100 0.488901
 12.845200 16.111366 0.383900
 12.864000 16.117799 0.296440
 12.882800 16.122819 0.237230
 12.901600 16.127018 0.212755
 12.920400 16.131063 0.218792
 12.939200 16.135505 0.248733
 12.958000 16.140670 0.290797
 12.976800 16.146604 0.329555
 12.995600 16.153127 0.348622
 13.014400 16.159698 0.340035
 13.033200 16.165752 0.298029
 13.052000 16.170762 0.227932
 13.070800 16.174342 0.137925
 13.089600 16.176020 0.044938
 13.108400 16.176059 -0.039717
 13.127200 16.174693 -0.104918
 13.146000 16.172256 -0.156189
 13.164800 16.169048 -0.188528
 13.183600 16.165207 -0.218018
 13.202400 16.160714 -0.258254
 13.221200 16.155161 -0.323262
 13.240000 16.148008 -0.426576
 13.258800 16.138600 -0.567525
 13.277600 16.126081 -0.753182
 13.296400 16.109797 -0.981923
 13.315200 16.088853 -1.240027
 13.334000 16.062796 -1.528592
 13.352800 16.031190 -1.823815
 13.371600 15.993926 -2.124293
 13.390400 15.951154 -2.414262
 13.409200 15.902852 -2.688646
 13.428000 15.849941 -2.923380
 13.446800 15.793034 -3.111956
 13.465600 15.732102 -3.271400
 13.484400 15.669195 -3.367905
 13.503200 15.605306 -3.404225
 13.522000 15.541041 -3.399488
 13.540800 15.477129 -3.367797
 13.559600 15.413511 -3.339932
 13.578400 15.350738 -3.316727
 13.597200 15.288085 -3.325205
 13.616000 15.224954 -3.374513
 13.634800 15.159603 -3.495264
 13.653600 15.092501 -3.637703
 13.672400 15.020228 -3.868190
 13.691200 14.945121 -4.079425
 13.710000 14.866237 -4.278842
 13.728800 14.783759 -4.453468
 13.747600 14.698679 -4.581578
 13.766400 14.611135 -4.677782
 13.785200 14.522571 -4.723134
 13.804000 14.431229 -4.794326
 13.822800 14.340597 -4.806182
 13.841600 14.250159 -4.791913
 13.860400 14.160188 -4.756999
 13.879200 14.071112 -4.701574
 13.898000 13.983143 -4.629955
 13.916800 13.896375 -4.551451
 13.935600 13.806200 -4.612638
 13.954400 13.716356 -4.693409
 13.973200 13.627103 -4.778873
 13.992000 13.535325 -4.940857
 14.010800 13.438265 -5.221417
 14.029600 13.336723 -5.544001
 14.048400 13.228730 -5.908800
 14.067200 13.114034 -6.268879
 14.086000 12.992894 -6.580582
 14.104800 12.866694 -6.797338
 14.123600 12.737593 -6.885203
 14.142400 12.607981 -6.834212
 14.161200 12.479265 -6.678415
 14.180000 12.356430 -6.367561
 14.198800 12.237347 -6.036354
 14.217600 12.127208 -5.615377
 14.236400 12.024782 -5.192565
 14.255200 11.931071 -4.775431
 14.274000 11.844733 -4.417523
 14.292800 11.763661 -4.171314
 14.311600 11.686711 -4.032685
 14.330400 11.610225 -4.046758
 14.349200 11.533242 -4.154750
 14.368000 11.453442 -4.331840
 14.386800 11.369235 -4.541108
 14.405600 11.282401 -4.679764
 14.424400 11.193834 -4.717892
 14.443200 11.105715 -4.631735
 14.462000 11.019294 -4.455113
 14.480800 10.938109 -4.162854
 14.499600 10.863111 -3.804405
 14.518400 10.795136 -3.416423
 14.537200 10.734369 -3.035225
 14.556000 10.680528 -2.687498
 14.574800 10.632104 -2.418950
 14.593600 10.588585 -2.220301
 14.612400 10.547979 -2.113201
 14.631200 10.507348 -2.136726
 14.650000 10.466442 -2.226958
 14.668800 10.423190 -2.385689
 14.687600 10.374982 -2.630961
 14.706400 10.323222 -2.868819
 14.725200 10.267081 -3.100038
 14.744000 10.205276 -3.355357
 14.762800 10.140092 -3.562539
 14.781600 10.071391 -3.740414
 14.800400 9.999603 -3.889905
 14.819200 9.924959 -4.017809
 14.838000 9.848461 -4.105005
 14.856800 9.770786 -4.145339
 14.875600 9.692900 -4.128669
 14.894400 9.615867 -4.049037
 14.913200 9.540126 -3.923835
 14.932000 9.468162 -3.719819
 14.950800 9.400470 -3.461483
 14.969600 9.338072 -3.160241
 14.988400 9.281672 -2.829863
 15.007200 9.231664 -2.488456
 15.026000 9.188034 -2.156392
 15.044800 9.150358 -1.853311
 15.063600 9.118030 -1.594548
 15.082400 9.089901 -1.396883
 15.101200 9.065015 -1.259803
 15.120000 9.042152 -1.181814
 15.138800 9.020262 -1.148119
 15.157600 8.998525 -1.143565
 15.176400 8.977117 -1.128849
 15.195200 8.956280 -1.085890
 15.214000 8.936637 -0.993477
 15.232800 8.919024 -0.856176
 15.251600 8.904590 -0.672845
 15.270400 8.893804 -0.468122
 15.289200 8.886830 -0.268884
 15.308000 8.883446 -0.101985
 15.326800 8.882627 0.004258
 15.345600 8.883035 0.027393
 15.364400 8.883186 -0.043297
 15.383200 8.881107 -0.187859
 15.402000 8.875746 -0.386603
 15.420800 8.866527 -0.602568
 15.439600 8.853344 -0.788416
 15.458400 8.837255 -0.910305
 15.477200 8.819794 -0.953838
 15.496000 8.802255 -0.897433
 15.514800 8.786586 -0.754246
 15.533600 8.774235 -0.539501
 15.552400 8.766688 -0.266616
 15.571200 8.764646 0.054070
 15.590000 8.768896 0.401266
 15.608800 8.779786 0.757454
 15.627600 8.797110 1.093804
 15.646400 8.820775 1.393765
 15.665200 8.849376 1.637729
 15.684000 8.881134 1.758664
 15.702800 8.914456 1.755069
 15.721600 8.946166 1.578776
 15.740400 8.972693 1.210121
 15.759200 8.990455 0.648715
 15.778000 8.996154 -0.070744
 15.796800 8.987374 -0.868227
 15.815600 8.963383 -1.670067
 15.834400 8.925171 -2.358947
 15.853200 8.875620 -2.880523
 15.872000 8.818121 -3.207416
 15.890800 8.756411 -3.344148
 15.909600 8.693407 -3.306163
 15.928400 8.632829 -3.119165
 15.947200 8.576756 -2.824665
 15.966000 8.527178 -2.456371
 15.984800 8.484884 -2.037653
 16.003600 8.450638 -1.608649
 16.022400 8.424358 -1.198709
 16.041200 8.405126 -0.838283
 16.060000 8.392180 -0.546791
 16.078800 8.383982 -0.341127
 16.097600 8.378768 -0.228690
 16.116400 8.374842 -0.203089
 16.135200 8.370498 -0.253159
 16.154000 8.364957 -0.341116
 16.172800 8.357623 -0.442661
 16.191600 8.348417 -0.532896
 16.210400 8.337658 -0.602314
 16.229200 8.325665 -0.653494
 16.248000 8.313077 -0.682601
 16.266800 8.300115 -0.703505
 16.285600 8.286767 -0.717688
 16.304400 8.272453 -0.754674
 16.323200 8.258014 -0.781511
 16.342000 8.243002 -0.810153
 16.360800 8.227643 -0.840097
 16.379600 8.211607 -0.864380
 16.398400 8.195120 -0.893650
 16.417200 8.177890 -0.950956
 16.436000 8.159333 -1.019358
 16.454800 8.139230 -1.116297
 16.473600 8.117147 -1.235266
 16.492400 8.092715 -1.363557
 16.511200 8.065611 -1.492758
 16.530000 8.036610 -1.585785
 16.548800 8.006354 -1.636387
 16.567600 7.975667 -1.622691
 16.586400 7.945598 -1.556380
 16.605200 7.917276 -1.444072
 16.624000 7.891450 -1.301631
 16.642800 7.868473 -1.152726
 16.661600 7.847989 -1.014097
 16.680400 7.830080 -0.897165
 16.699200 7.814005 -0.811942
 16.718000 7.799327 -0.754946
 16.736800 7.785456 -0.721680
 16.755600 7.772149 -0.697189
 16.774400 7.759366 -0.672918
 16.793200 7.747032 -0.635941
 16.812000 7.735541 -0.581609
 16.830800 7.725254 -0.510552
 16.849600 7.716437 -0.425206
 16.868400 7.709442 -0.331926
 16.887200 7.704226 -0.221687
 16.906000 7.701122 -0.101257
 16.924800 7.700490 0.036947
 16.943600 7.702681 0.196582
 16.962400 7.708200 0.381048
 16.981200 7.717392 0.599315
 17.000000 7.720039 0.830062
