#! FIELDS distance.z file.free der_distance.z
#! SET min_distance.z 7.6
#! SET max_distance.z 17.0
#! SET nbins_distance.z  501
#! SET periodic_distance.z false
    7.600000000   22.456539331 -116.417886231
    7.618800000   20.307150909 -111.762962246
    7.637600000   18.254478403 -106.168862094
    7.656400000   16.314473681  -99.791600536
    7.675200000   14.500605360  -92.797265108
    7.694000000   12.822990223  -85.365072914
    7.712800000   11.287254321  -77.697166775
    7.731600000    9.897169861  -69.962404060
    7.750400000    8.651155050  -62.355215540
    7.769200000    7.545493334  -55.033829730
    7.788000000    6.574359431  -48.121880386
    7.806800000    5.727719496  -41.750000214
    7.825600000    4.994948291  -35.996786515
    7.844400000    4.363623456  -30.919773291
    7.863200000    3.822753221  -26.507466407
    7.882000000    3.357794030  -22.782931746
    7.900800000    2.956612226  -19.706448185
    7.919600000    2.608620033  -17.203538500
    7.938400000    2.302568795  -15.217508297
    7.957200000    2.027835378  -13.694917830
    7.976000000    1.779210513  -12.506799852
    7.994800000    1.549284646  -11.594903939
    8.013600000    1.335772115  -10.841120182
    8.032400000    1.136391683  -10.163881244
    8.051200000    0.947557349   -9.541370030
    8.070000000    0.772729024   -8.857086257
    8.088800000    0.610514938   -8.114468567
    8.107600000    0.463934529   -7.262051508
    8.126400000    0.333947896   -6.306556839
    8.145200000    0.222110965   -5.258298871
    8.164000000    0.132076672   -4.097857668
    8.182800000    0.064730199   -2.862381192
    8.201600000    0.020306391   -1.589466209
    8.220400000    0.000000000   -0.304296489
    8.239200000    0.003422610    0.954803643
    8.258000000    0.031169488    2.156321894
    8.276800000    0.080659581    3.270675972
    8.295600000    0.151426381    4.267701741
    8.314400000    0.242221109    5.126979524
    8.333200000    0.347260162    5.845856631
    8.352000000    0.465257624    6.441697023
    8.370800000    0.591698180    6.892310575
    8.389600000    0.727659625    7.233792680
    8.408400000    0.867703150    7.472343216
    8.427200000    1.012953981    7.599081200
    8.446000000    1.159273676    7.656976937
    8.464800000    1.305639885    7.663698882
    8.483600000    1.449921989    7.620548429
    8.502400000    1.594680255    7.549403068
    8.521200000    1.737652207    7.473313615
    8.540000000    1.878573921    7.435526749
    8.558800000    2.018489171    7.404591072
    8.577600000    2.160745000    7.409602960
    8.596400000    2.300412435    7.468367883
    8.615200000    2.442759940    7.569006266
    8.634000000    2.586685433    7.710862679
    8.652800000    2.732853743    7.883076471
    8.671600000    2.883137986    8.059999650
    8.690400000    3.037371750    8.225449306
    8.709200000    3.195034393    8.396758593
    8.728000000    3.356482587    8.521111023
    8.746800000    3.519796436    8.678960405
    8.765600000    3.685272863    8.774890238
    8.784400000    3.852881083    8.843726653
    8.803200000    4.020877460    8.880013513
    8.822000000    4.189344502    8.865792485
    8.840800000    4.357834654    8.815372573
    8.859600000    4.524442206    8.755128977
    8.878400000    4.690697020    8.671324828
    8.897200000    4.853917946    8.564224931
    8.916000000    5.016778436    8.474325416
    8.934800000    5.177597632    8.366832769
    8.953600000    5.335286414    8.270871593
    8.972400000    5.491793624    8.151294526
    8.991200000    5.646011517    8.095591412
    9.010000000    5.799019509    8.045372005
    9.028800000    5.950573248    7.983793952
    9.047600000    6.101587015    7.905612349
    9.066400000    6.250971277    7.836155356
    9.085200000    6.400169851    7.799163909
    9.104000000    6.547474855    7.742745711
    9.122800000    6.693869589    7.688649447
    9.141600000    6.839930121    7.652362350
    9.160400000    6.984733507    7.589849099
    9.179200000    7.127939419    7.541958823
    9.198000000    7.270860695    7.479635445
    9.216800000    7.412621333    7.414640914
    9.235600000    7.552721081    7.358437444
    9.254400000    7.691262889    7.275698752
    9.273200000    7.829936374    7.210882490
    9.292000000    7.967655267    7.140325103
    9.310800000    8.100232839    7.071140741
    9.329600000    8.234227628    7.018740591
    9.348400000    8.367465225    6.954833467
    9.367200000    8.497681308    6.897268708
    9.386000000    8.626801804    6.823360658
    9.404800000    8.757845515    6.734449862
    9.423600000    8.885819675    6.658177357
    9.442400000    9.013126417    6.545497651
    9.461200000    9.136696970    6.434071057
    9.480000000    9.258506468    6.355904601
    9.498800000    9.378860095    6.209524064
    9.517600000    9.495616218    6.120802890
    9.536400000    9.611475587    6.010956830
    9.555200000    9.724152225    5.909488929
    9.574000000    9.833124963    5.767145646
    9.592800000    9.942397372    5.642213172
    9.611600000   10.048908182    5.560204208
    9.630400000   10.153745878    5.490773256
    9.649200000   10.257466982    5.411676524
    9.668000000   10.359130754    5.330903426
    9.686800000   10.461385933    5.278125080
    9.705600000   10.561566344    5.246550534
    9.724400000   10.662739508    5.231551460
    9.743200000   10.762820206    5.216347758
    9.762000000   10.860644098    5.193062506
    9.780800000   10.960008170    5.160727067
    9.799600000   11.058438975    5.145646898
    9.818400000   11.157067050    5.095497324
    9.837200000   11.253993213    5.094381009
    9.856000000   11.350923098    5.077383169
    9.874800000   11.446162872    5.048294520
    9.893600000   11.541209609    5.006119969
    9.912400000   11.636006553    4.973664638
    9.931200000   11.730617248    4.901553241
    9.950000000   11.823266367    4.845723192
    9.968800000   11.915103480    4.781858536
    9.987600000   12.006126232    4.732536909
   10.006400000   12.096202909    4.670687950
   10.025200000   12.185139839    4.657502716
   10.044000000   12.275389315    4.616078578
   10.062800000   12.362780884    4.593745239
   10.081600000   12.448572327    4.533229180
   10.100400000   12.534252247    4.474305492
   10.119200000   12.618614732    4.410037270
   10.138000000   12.701845057    4.339305239
   10.156800000   12.783966665    4.280100338
   10.175600000   12.866062971    4.205567132
   10.194400000   12.945875074    4.161079336
   10.213200000   13.024106937    4.063442513
   10.232000000   13.101158998    3.998114060
   10.250800000   13.177209631    3.930099376
   10.269600000   13.251908938    3.858043849
   10.288400000   13.324619372    3.791790609
   10.307200000   13.397319345    3.746769220
   10.326000000   13.468284202    3.720228941
   10.344800000   13.539870178    3.689879027
   10.363600000   13.609548754    3.699617180
   10.382400000   13.680089352    3.688966604
   10.401200000   13.749848184    3.653019197
   10.420000000   13.820675535    3.640060033
   10.438800000   13.889017291    3.629022042
   10.457600000   13.957139820    3.596487511
   10.476400000   14.025487235    3.534944121
   10.495200000   14.093626461    3.475571797
   10.514000000   14.160596458    3.402019067
   10.532800000   14.224831090    3.356970613
   10.551600000   14.289005366    3.272004377
   10.570400000   14.351679285    3.196663510
   10.589200000   14.411101942    3.127418286
   10.608000000   14.469405226    3.027319163
   10.626800000   14.526714227    2.962225693
   10.645600000   14.582566042    2.904152689
   10.664400000   14.637787185    2.858505316
   10.683200000   14.692419660    2.830779931
   10.702000000   14.746682049    2.794591381
   10.720800000   14.798952096    2.790626625
   10.739600000   14.852801432    2.807175214
   10.758400000   14.907868560    2.775072069
   10.777200000   14.961226136    2.807034655
   10.796000000   15.015528040    2.833691155
   10.814800000   15.071083983    2.842707553
   10.833600000   15.125677852    2.831191899
   10.852400000   15.178511576    2.835226803
   10.871200000   15.232148154    2.815738837
   10.890000000   15.285556749    2.766015472
   10.908800000   15.339631614    2.706147018
   10.927600000   15.389354497    2.633266721
   10.946400000   15.439507977    2.516048994
   10.965200000   15.486007106    2.413693678
   10.984000000   15.530705979    2.303999751
   11.002800000   15.573598962    2.187645562
   11.021600000   15.616429386    2.036555891
   11.040400000   15.654836890    1.951448834
   11.059200000   15.690659355    1.876686040
   11.078000000   15.725817037    1.816367876
   11.096800000   15.761540266    1.777094108
   11.115600000   15.796394330    1.734217166
   11.134400000   15.830116715    1.744163106
   11.153200000   15.864012915    1.750979932
   11.172000000   15.896282847    1.769500723
   11.190800000   15.930805605    1.787363413
   11.209600000   15.966033411    1.765521657
   11.228400000   16.000640959    1.771496414
   11.247200000   16.034597543    1.770372511
   11.266000000   16.069210968    1.745702742
   11.284800000   16.102769574    1.740396953
   11.303600000   16.134716576    1.692922499
   11.322400000   16.167665150    1.634832169
   11.341200000   16.199402364    1.575841539
   11.360000000   16.228920249    1.526582289
   11.378800000   16.257018374    1.442733902
   11.397600000   16.285438307    1.386999606
   11.416400000   16.312363756    1.326432398
   11.435200000   16.337905035    1.289303269
   11.454000000   16.362210218    1.244701284
   11.472800000   16.385525314    1.247589822
   11.491600000   16.409208344    1.259454909
   11.510400000   16.434074178    1.266035580
   11.529200000   16.460997499    1.273853173
   11.548000000   16.486983501    1.290402123
   11.566800000   16.511755963    1.293877476
   11.585600000   16.537978628    1.334883068
   11.604400000   16.563530974    1.371604471
   11.623200000   16.590530644    1.429135366
   11.642000000   16.617798544    1.478415840
   11.660800000   16.647639341    1.495760864
   11.679600000   16.676995376    1.532792407
   11.698400000   16.706557496    1.566510302
   11.717200000   16.737321581    1.592510692
   11.736000000   16.769101280    1.618045856
   11.754800000   16.799222016    1.645951196
   11.773600000   16.831684538    1.680447471
   11.792400000   16.864572355    1.729858179
   11.811200000   16.898436792    1.786343443
   11.830000000   16.933660882    1.842717964
   11.848800000   16.970129608    1.868999223
   11.867600000   17.006685419    1.946402842
   11.886400000   17.046182660    1.999372474
   11.905200000   17.085442030    2.042666463
   11.924000000   17.126678860    2.094611263
   11.942800000   17.166052189    2.130263397
   11.961600000   17.207016608    2.159576453
   11.980400000   17.248591968    2.186354612
   11.999200000   17.290495234    2.179416712
   12.018000000   17.331744460    2.165027927
   12.036800000   17.373499203    2.127762161
   12.055600000   17.413729255    2.039883943
   12.074400000   17.451511202    1.976809721
   12.093200000   17.488963064    1.900217684
   12.112000000   17.524589585    1.818523046
   12.130800000   17.557926571    1.731792845
   12.149600000   17.590779127    1.631444543
   12.168400000   17.621665609    1.535975648
   12.187200000   17.650626038    1.477443932
   12.206000000   17.679810329    1.405787648
   12.224800000   17.707110468    1.385539504
   12.243600000   17.734048722    1.386621830
   12.262400000   17.761554225    1.420071330
   12.281200000   17.790560379    1.455135758
   12.300000000   17.819912579    1.519839637
   12.318800000   17.848857790    1.589639550
   12.337600000   17.879570360    1.674776633
   12.356400000   17.911539397    1.798447209
   12.375200000   17.947776479    1.891928152
   12.394000000   17.985318160    1.990997793
   12.412800000   18.024931749    2.081580887
   12.431600000   18.066374542    2.168185163
   12.450400000   18.108147562    2.209025283
   12.469200000   18.151284371    2.243718996
   12.488000000   18.194514500    2.253350990
   12.506800000   18.239162599    2.244192865
   12.525600000   18.280397904    2.178453619
   12.544400000   18.321340247    2.138687079
   12.563200000   18.362154872    2.062905045
   12.582000000   18.399880832    1.978432749
   12.600800000   18.436412809    1.872748849
   12.619600000   18.472741284    1.762812262
   12.638400000   18.505520003    1.679486314
   12.657200000   18.538610526    1.605300468
   12.676000000   18.569006791    1.555093338
   12.694800000   18.597879594    1.498362144
   12.713600000   18.626766258    1.473266887
   12.732400000   18.654840930    1.482091529
   12.751200000   18.685305037    1.468552747
   12.770000000   18.713553363    1.486944275
   12.788800000   18.742573388    1.513569564
   12.807600000   18.770669049    1.500777062
   12.826400000   18.800006370    1.458831958
   12.845200000   18.827288069    1.441877930
   12.864000000   18.855298886    1.389489335
   12.882800000   18.880944318    1.298175723
   12.901600000   18.906368092    1.180336739
   12.920400000   18.926834487    1.030896712
   12.939200000   18.945027313    0.860698502
   12.958000000   18.960459589    0.677626659
   12.976800000   18.971553495    0.485720233
   12.995600000   18.979769438    0.264480809
   13.014400000   18.984022006   -0.007534081
   13.033200000   18.982411450   -0.220817137
   13.052000000   18.976697725   -0.456202183
   13.070800000   18.966469214   -0.640675716
   13.089600000   18.953900164   -0.808962379
   13.108400000   18.937677042   -0.960141470
   13.127200000   18.918733179   -1.091060899
   13.146000000   18.898923852   -1.177025984
   13.164800000   18.877464740   -1.243628899
   13.183600000   18.855099976   -1.268601760
   13.202400000   18.833241232   -1.307670068
   13.221200000   18.809434960   -1.301376800
   13.240000000   18.785496361   -1.293391282
   13.258800000   18.761554900   -1.288511318
   13.277600000   18.736719676   -1.303858790
   13.296400000   18.712715637   -1.338159431
   13.315200000   18.685958681   -1.396328141
   13.334000000   18.658109402   -1.475581100
   13.352800000   18.630672391   -1.593785064
   13.371600000   18.600287722   -1.698626916
   13.390400000   18.569340022   -1.859759089
   13.409200000   18.533999232   -2.020062358
   13.428000000   18.494785114   -2.182177527
   13.446800000   18.453026682   -2.356073456
   13.465600000   18.407073228   -2.543154314
   13.484400000   18.358559897   -2.700620665
   13.503200000   18.307440827   -2.882387139
   13.522000000   18.253022484   -3.012042532
   13.540800000   18.195583845   -3.114571478
   13.559600000   18.136318260   -3.185971331
   13.578400000   18.077660013   -3.221482594
   13.597200000   18.017381582   -3.225872205
   13.616000000   17.958083414   -3.202423345
   13.634800000   17.898101548   -3.155304347
   13.653600000   17.840174023   -3.082969800
   13.672400000   17.782148291   -3.024658403
   13.691200000   17.726133311   -2.947708204
   13.710000000   17.671572420   -2.874822528
   13.728800000   17.618501439   -2.821574158
   13.747600000   17.566210306   -2.793947408
   13.766400000   17.515884214   -2.809710939
   13.785200000   17.465133036   -2.823712944
   13.804000000   17.411544359   -2.870240916
   13.822800000   17.357228196   -2.926172081
   13.841600000   17.301913433   -2.995138187
   13.860400000   17.245399544   -3.069289037
   13.879200000   17.187263989   -3.138328781
   13.898000000   17.128041901   -3.254149829
   13.916800000   17.066792135   -3.321630052
   13.935600000   17.004701154   -3.378458900
   13.954400000   16.939872553   -3.413419142
   13.973200000   16.876459749   -3.488115680
   13.992000000   16.810284900   -3.507448311
   14.010800000   16.743431163   -3.524729579
   14.029600000   16.679178320   -3.510085420
   14.048400000   16.615191164   -3.489246533
   14.067200000   16.550891298   -3.438643601
   14.086000000   16.487626856   -3.387875720
   14.104800000   16.423797043   -3.336597801
   14.123600000   16.362862217   -3.286961113
   14.142400000   16.301843269   -3.278546672
   14.161200000   16.241371172   -3.237233676
   14.180000000   16.181243425   -3.194270837
   14.198800000   16.120858060   -3.168991017
   14.217600000   16.061634977   -3.162981157
   14.236400000   16.002721251   -3.133833184
   14.255200000   15.945147789   -3.148199055
   14.274000000   15.887493543   -3.137887174
   14.292800000   15.828826005   -3.124022649
   14.311600000   15.769893034   -3.106771052
   14.330400000   15.712541750   -3.107087397
   14.349200000   15.654171583   -3.087693865
   14.368000000   15.597806756   -3.088480954
   14.386800000   15.541209730   -3.066891374
   14.405600000   15.483437502   -3.040505529
   14.424400000   15.425362932   -3.036551952
   14.443200000   15.369779726   -2.997648712
   14.462000000   15.314790481   -3.005616358
   14.480800000   15.259824872   -2.968597548
   14.499600000   15.206305527   -2.932075266
   14.518400000   15.152750848   -2.872663966
   14.537200000   15.099427605   -2.800109802
   14.556000000   15.049261353   -2.710127841
   14.574800000   14.999763812   -2.626873830
   14.593600000   14.950495181   -2.523331310
   14.612400000   14.903185351   -2.436733474
   14.631200000   14.857982920   -2.332408047
   14.650000000   14.814155604   -2.268678874
   14.668800000   14.772818367   -2.193671409
   14.687600000   14.733188752   -2.135761121
   14.706400000   14.694168883   -2.099549946
   14.725200000   14.656575125   -2.103626722
   14.744000000   14.618154100   -2.111520734
   14.762800000   14.581016217   -2.160220998
   14.781600000   14.541855336   -2.216116508
   14.800400000   14.499735639   -2.279236534
   14.819200000   14.455113517   -2.355130782
   14.838000000   14.409885679   -2.433065730
   14.856800000   14.363896458   -2.510134090
   14.875600000   14.315977604   -2.589981919
   14.894400000   14.266897907   -2.645361633
   14.913200000   14.217676753   -2.703111719
   14.932000000   14.167152918   -2.705640259
   14.950800000   14.117504007   -2.711088133
   14.969600000   14.066222161   -2.683426737
   14.988400000   14.018242185   -2.622472186
   15.007200000   13.971159175   -2.540131157
   15.026000000   13.924929237   -2.412200570
   15.044800000   13.882093202   -2.290606650
   15.063600000   13.840430216   -2.168458310
   15.082400000   13.801351592   -2.066562143
   15.101200000   13.763208133   -1.953118802
   15.120000000   13.728210487   -1.892093806
   15.138800000   13.694449161   -1.798606190
   15.157600000   13.661866662   -1.720714021
   15.176400000   13.629885636   -1.675726123
   15.195200000   13.600499712   -1.624884402
   15.214000000   13.570413976   -1.603469310
   15.232800000   13.540950537   -1.571827115
   15.251600000   13.512594015   -1.591835515
   15.270400000   13.483655862   -1.588265048
   15.289200000   13.454709379   -1.574082439
   15.308000000   13.425013966   -1.564713947
   15.326800000   13.396018036   -1.532671058
   15.345600000   13.369591326   -1.492597565
   15.364400000   13.341955485   -1.448529988
   15.383200000   13.315459010   -1.388869908
   15.402000000   13.290676546   -1.352682137
   15.420800000   13.267462689   -1.316252555
   15.439600000   13.244143223   -1.276376936
   15.458400000   13.222221197   -1.241836219
   15.477200000   13.199784309   -1.157144618
   15.496000000   13.178178224   -1.109345736
   15.514800000   13.158222861   -1.050736076
   15.533600000   13.138319949   -1.018706799
   15.552400000   13.120937884   -0.994451096
   15.571200000   13.102052893   -0.957055002
   15.590000000   13.086459995   -0.950240280
   15.608800000   13.069735313   -0.906732927
   15.627600000   13.054352678   -0.852503057
   15.646400000   13.038973948   -0.842854693
   15.665200000   13.024552225   -0.813872609
   15.684000000   13.009654242   -0.773229379
   15.702800000   12.996529719   -0.752545049
   15.721600000   12.982704867   -0.723809724
   15.740400000   12.970089416   -0.724713766
   15.759200000   12.957150122   -0.727631182
   15.778000000   12.944989402   -0.725167815
   15.796800000   12.932189486   -0.739391532
   15.815600000   12.919056249   -0.755696613
   15.834400000   12.905157872   -0.777759650
   15.853200000   12.891036273   -0.839829117
   15.872000000   12.875793252   -0.927261806
   15.890800000   12.857939886   -0.958211677
   15.909600000   12.840450474   -1.035360372
   15.928400000   12.820580421   -1.092031961
   15.947200000   12.799698531   -1.141255706
   15.966000000   12.778912968   -1.172379344
   15.984800000   12.757905745   -1.206089521
   16.003600000   12.734932147   -1.192556197
   16.022400000   12.713536262   -1.190835395
   16.041200000   12.693017863   -1.156051738
   16.060000000   12.673320313   -1.122735243
   16.078800000   12.653766775   -1.037712335
   16.097600000   12.637618790   -0.960089151
   16.116400000   12.620167213   -0.859612726
   16.135200000   12.606162601   -0.731024140
   16.154000000   12.594701346   -0.619201103
   16.172800000   12.584186761   -0.527154292
   16.191600000   12.573609945   -0.481626656
   16.210400000   12.565230556   -0.427392361
   16.229200000   12.558230343   -0.400203246
   16.248000000   12.551936372   -0.418459714
   16.266800000   12.546313563   -0.449447127
   16.285600000   12.538609552   -0.480296996
   16.304400000   12.529488950   -0.526759658
   16.323200000   12.520340517   -0.593911048
   16.342000000   12.509130737   -0.655616496
   16.360800000   12.497876570   -0.711431554
   16.379600000   12.484576447   -0.750699314
   16.398400000   12.470823622   -0.795583647
   16.417200000   12.456931769   -0.846850337
   16.436000000   12.440949769   -0.828656925
   16.454800000   12.425776694   -0.803882173
   16.473600000   12.412102719   -0.744560797
   16.492400000   12.398804460   -0.672200475
   16.511200000   12.387622835   -0.604527536
   16.530000000   12.377832237   -0.540735790
   16.548800000   12.369960198   -0.450248119
   16.567600000   12.364535689   -0.366596497
   16.586400000   12.359018060   -0.263754740
   16.605200000   12.354995128   -0.179043810
   16.624000000   12.352890153   -0.137237303
   16.642800000   12.350179027   -0.071640439
   16.661600000   12.348823891   -0.078497859
   16.680400000   12.349025054   -0.048701906
   16.699200000   12.349666506   -0.073203213
   16.718000000   12.348389468   -0.123401542
   16.736800000   12.347297546   -0.166830002
   16.755600000   12.346258177   -0.234937653
   16.774400000   12.342057823   -0.308088692
   16.793200000   12.334235491   -0.389927190
   16.812000000   12.327962550   -0.484781430
   16.830800000   12.319650065   -0.568393250
   16.849600000   12.309086567   -0.685389872
   16.868400000   12.296445304   -0.789252984
   16.887200000   12.281648863   -0.911878907
   16.906000000   12.264356740   -1.031818855
   16.924800000   12.244459844   -1.114849298
   16.943600000   12.224037614   -1.211998855
   16.962400000   12.201442340   -1.266305550
   16.981200000   12.177552448   -1.338783932
   17.000000000   12.151829693   -1.359460720
