#! FIELDS d1.x projection
#! SET min_d1.x -5.0
#! SET max_d1.x 31.0
#! SET nbins_d1.x  301
#! SET periodic_d1.x false
   -5.000000000   32.206460162
   -4.880000000   32.205283609
   -4.760000000   32.200040308
   -4.640000000   32.183550414
   -4.520000000   32.145883988
   -4.400000000   32.082913597
   -4.280000000   32.006535797
   -4.160000000   31.933927814
   -4.040000000   31.850532394
   -3.920000000   31.691751303
   -3.800000000   31.365146102
   -3.680000000   30.848866875
   -3.560000000   30.332834243
   -3.440000000   30.017322899
   -3.320000000   29.731417452
   -3.200000000   29.096097520
   -3.080000000   28.021168774
   -2.960000000   26.892643280
   -2.840000000   26.120898471
   -2.720000000   25.811236916
   -2.600000000   25.587473496
   -2.480000000   25.051679779
   -2.360000000   24.249599735
   -2.240000000   23.471715457
   -2.120000000   22.744246502
   -2.000000000   21.867350413
   -1.880000000   20.916749399
   -1.760000000   20.171669705
   -1.640000000   19.638546404
   -1.520000000   19.124881707
   -1.400000000   18.561865326
   -1.280000000   18.005832084
   -1.160000000   17.534295540
   -1.040000000   17.081350511
   -0.920000000   16.514591279
   -0.800000000   15.840704918
   -0.680000000   15.134160451
   -0.560000000   14.560958549
   -0.440000000   14.068062377
   -0.320000000   13.533430866
   -0.200000000   12.995547111
   -0.080000000   12.473368075
    0.040000000   12.008486382
    0.160000000   11.656692078
    0.280000000   11.314294322
    0.400000000   10.870812571
    0.520000000   10.447898739
    0.640000000   10.189640164
    0.760000000    9.982160638
    0.880000000    9.624595553
    1.000000000    9.104701553
    1.120000000    8.623106487
    1.240000000    8.368450379
    1.360000000    8.198970636
    1.480000000    7.816693472
    1.600000000    7.338756324
    1.720000000    7.028695134
    1.840000000    6.873095453
    1.960000000    6.709852406
    2.080000000    6.486560399
    2.200000000    6.274244623
    2.320000000    6.074570967
    2.440000000    5.784241529
    2.560000000    5.443943789
    2.680000000    5.281427834
    2.800000000    5.261346436
    2.920000000    5.160999860
    3.040000000    4.993942442
    3.160000000    4.906026661
    3.280000000    4.898529613
    3.400000000    4.862870859
    3.520000000    4.786036513
    3.640000000    4.709848854
    3.760000000    4.630078102
    3.880000000    4.532229600
    4.000000000    4.440138337
    4.120000000    4.390268403
    4.240000000    4.426411585
    4.360000000    4.516358254
    4.480000000    4.551268551
    4.600000000    4.506768012
    4.720000000    4.505748019
    4.840000000    4.574068748
    4.960000000    4.575694735
    5.080000000    4.589020938
    5.200000000    4.802371587
    5.320000000    5.106684824
    5.440000000    5.287599677
    5.560000000    5.342112181
    5.680000000    5.382635327
    5.800000000    5.570601138
    5.920000000    5.867918235
    6.040000000    6.089856219
    6.160000000    6.199774289
    6.280000000    6.374407673
    6.400000000    6.745264746
    6.520000000    7.180908166
    6.640000000    7.489804390
    6.760000000    7.664362720
    6.880000000    7.856194989
    7.000000000    8.144600367
    7.120000000    8.429123248
    7.240000000    8.662666016
    7.360000000    8.981532068
    7.480000000    9.387063057
    7.600000000    9.709346886
    7.720000000    9.900369081
    7.840000000   10.054796940
    7.960000000   10.197368236
    8.080000000   10.324830144
    8.200000000   10.388804647
    8.320000000   10.250689164
    8.440000000    9.827857157
    8.560000000    9.231229725
    8.680000000    8.647458458
    8.800000000    8.132789849
    8.920000000    7.635012516
    9.040000000    7.096360256
    9.160000000    6.534662671
    9.280000000    6.024730177
    9.400000000    5.572997612
    9.520000000    5.118432357
    9.640000000    4.670165232
    9.760000000    4.267195437
    9.880000000    3.900443868
   10.000000000    3.546050848
   10.120000000    3.203320524
   10.240000000    2.828665270
   10.360000000    2.435544162
   10.480000000    2.185079979
   10.600000000    2.086853697
   10.720000000    1.922781840
   10.840000000    1.655271689
   10.960000000    1.495030831
   11.080000000    1.489468990
   11.200000000    1.397852707
   11.320000000    1.185829464
   11.440000000    1.041051579
   11.560000000    0.977218534
   11.680000000    0.874901239
   11.800000000    0.810664315
   11.920000000    0.847246407
   12.040000000    0.855097319
   12.160000000    0.735411866
   12.280000000    0.583892927
   12.400000000    0.521047537
   12.520000000    0.489019248
   12.640000000    0.391181582
   12.760000000    0.264172551
   12.880000000    0.145193329
   13.000000000    0.048875865
   13.120000000    0.064365642
   13.240000000    0.170612260
   13.360000000    0.218917597
   13.480000000    0.187137358
   13.600000000    0.170486418
   13.720000000    0.157132066
   13.840000000    0.097413247
   13.960000000    0.017614480
   14.080000000    0.000000000
   14.200000000    0.108167598
   14.320000000    0.306019841
   14.440000000    0.427393481
   14.560000000    0.403943249
   14.680000000    0.358340360
   14.800000000    0.421729471
   14.920000000    0.597098052
   15.040000000    0.821766389
   15.160000000    0.996098678
   15.280000000    1.070214810
   15.400000000    1.119484439
   15.520000000    1.227808995
   15.640000000    1.412678326
   15.760000000    1.657283375
   15.880000000    1.946176636
   16.000000000    2.207263379
   16.120000000    2.415248424
   16.240000000    2.675117878
   16.360000000    3.045693667
   16.480000000    3.416106193
   16.600000000    3.714734876
   16.720000000    4.026998605
   16.840000000    4.419616209
   16.960000000    4.793706436
   17.080000000    5.068231615
   17.200000000    5.298779933
   17.320000000    5.669307562
   17.440000000    6.200725980
   17.560000000    6.684764246
   17.680000000    7.032626242
   17.800000000    7.395477089
   17.920000000    7.859528556
   18.040000000    8.354668193
   18.160000000    8.865108907
   18.280000000    9.397869956
   18.400000000    9.906126128
   18.520000000   10.367527563
   18.640000000   10.935025228
   18.760000000   11.676791375
   18.880000000   12.354234265
   19.000000000   12.723150327
   19.120000000   12.961270406
   19.240000000   13.528312162
   19.360000000   14.407372513
   19.480000000   15.156914594
   19.600000000   15.655977136
   19.720000000   16.157058344
   19.840000000   16.793269457
   19.960000000   17.545269887
   20.080000000   18.364973458
   20.200000000   19.079225674
   20.320000000   19.679121832
   20.440000000   20.332096613
   20.560000000   21.170479236
   20.680000000   22.065323712
   20.800000000   22.840467129
   20.920000000   23.592947181
   21.040000000   24.405265869
   21.160000000   25.218127414
   21.280000000   25.984955472
   21.400000000   26.686304779
   21.520000000   27.353956263
   21.640000000   28.015788758
   21.760000000   28.508400057
   21.880000000   28.884427372
   22.000000000   29.543469199
   22.120000000   30.488992173
   22.240000000   31.233810903
   22.360000000   31.639838049
   22.480000000   31.874967663
   22.600000000   32.038005589
   22.720000000   32.137698253
   22.840000000   32.184347685
   22.960000000   32.201109349
   23.080000000   32.205765884
   23.200000000   32.206589885
   23.320000000   32.206663444
   23.440000000   32.206663444
   23.560000000   32.206663444
   23.680000000   32.206663444
   23.800000000   32.206663444
   23.920000000   32.206663444
   24.040000000   32.206663444
   24.160000000   32.206663444
   24.280000000   32.206663444
   24.400000000   32.206663444
   24.520000000   32.206663444
   24.640000000   32.206663444
   24.760000000   32.206663444
   24.880000000   32.206663444
   25.000000000   32.206663444
   25.120000000   32.206663444
   25.240000000   32.206663444
   25.360000000   32.206663444
   25.480000000   32.206663444
   25.600000000   32.206663444
   25.720000000   32.206663444
   25.840000000   32.206663444
   25.960000000   32.206663444
   26.080000000   32.206663444
   26.200000000   32.206663444
   26.320000000   32.206663444
   26.440000000   32.206663444
   26.560000000   32.206663444
   26.680000000   32.206663444
   26.800000000   32.206663444
   26.920000000   32.206663444
   27.040000000   32.206663444
   27.160000000   32.206663444
   27.280000000   32.206663444
   27.400000000   32.206663444
   27.520000000   32.206663444
   27.640000000   32.206663444
   27.760000000   32.206663444
   27.880000000   32.206663444
   28.000000000   32.206663444
   28.120000000   32.206663444
   28.240000000   32.206663444
   28.360000000   32.206663444
   28.480000000   32.206663444
   28.600000000   32.206663444
   28.720000000   32.206663444
   28.840000000   32.206663444
   28.960000000   32.206663444
   29.080000000   32.206663444
   29.200000000   32.206663444
   29.320000000   32.206663444
   29.440000000   32.206663444
   29.560000000   32.206663444
   29.680000000   32.206663444
   29.800000000   32.206663444
   29.920000000   32.206663444
   30.040000000   32.206663444
   30.160000000   32.206663444
   30.280000000   32.206663444
   30.400000000   32.206663444
   30.520000000   32.206663444
   30.640000000   32.206663444
   30.760000000   32.206663444
   30.880000000   32.206663444
   31.000000000   32.206663444
