#! FIELDS d1.y projection
#! SET min_d1.y -5.0
#! SET max_d1.y 12.0
#! SET nbins_d1.y  301
#! SET periodic_d1.y false
   -5.000000000   39.557664530
   -4.943333333   39.549847241
   -4.886666667   39.538469277
   -4.830000000   39.522605880
   -4.773333333   39.501092864
   -4.716666667   39.472127607
   -4.660000000   39.432824304
   -4.603333333   39.377962280
   -4.546666667   39.299617048
   -4.490000000   39.185809564
   -4.433333333   39.020790067
   -4.376666667   38.787137825
   -4.320000000   38.471288644
   -4.263333333   38.069326253
   -4.206666667   37.588456014
   -4.150000000   37.041551450
   -4.093333333   36.440439463
   -4.036666667   35.798267975
   -3.980000000   35.133823389
   -3.923333333   34.466372367
   -3.866666667   33.805016379
   -3.810000000   33.145608898
   -3.753333333   32.480449408
   -3.696666667   31.811704685
   -3.640000000   31.152693645
   -3.583333333   30.515783242
   -3.526666667   29.899118764
   -3.470000000   29.291131974
   -3.413333333   28.680961085
   -3.356666667   28.072176637
   -3.300000000   27.481701134
   -3.243333333   26.924789700
   -3.186666667   26.405132584
   -3.130000000   25.908899424
   -3.073333333   25.425422467
   -3.016666667   24.945877813
   -2.960000000   24.475742780
   -2.903333333   24.016625009
   -2.846666667   23.569936634
   -2.790000000   23.133360660
   -2.733333333   22.702668290
   -2.676666667   22.265080970
   -2.620000000   21.811281119
   -2.563333333   21.343514167
   -2.506666667   20.877633082
   -2.450000000   20.435827140
   -2.393333333   20.034799808
   -2.336666667   19.675944602
   -2.280000000   19.348894183
   -2.223333333   19.041040400
   -2.166666667   18.743421469
   -2.110000000   18.453602403
   -2.053333333   18.176858458
   -1.996666667   17.915792324
   -1.940000000   17.673489931
   -1.883333333   17.445946761
   -1.826666667   17.228300011
   -1.770000000   17.014117215
   -1.713333333   16.801431081
   -1.656666667   16.591654499
   -1.600000000   16.396965273
   -1.543333333   16.229624858
   -1.486666667   16.099925408
   -1.430000000   16.013052860
   -1.373333333   15.968129617
   -1.316666667   15.959958827
   -1.260000000   15.977202685
   -1.203333333   16.006634931
   -1.146666667   16.032480630
   -1.090000000   16.039946719
   -1.033333333   16.023003265
   -0.976666667   15.986503633
   -0.920000000   15.946461734
   -0.863333333   15.920860820
   -0.806666667   15.922240960
   -0.750000000   15.950874284
   -0.693333333   16.000981585
   -0.636666667   16.062331988
   -0.580000000   16.131613666
   -0.523333333   16.206476332
   -0.466666667   16.297303616
   -0.410000000   16.413805124
   -0.353333333   16.562741694
   -0.296666667   16.749253792
   -0.240000000   16.971934323
   -0.183333333   17.223949306
   -0.126666667   17.498976760
   -0.070000000   17.783204580
   -0.013333333   18.061310735
    0.043333333   18.322975997
    0.100000000   18.566355997
    0.156666667   18.795910537
    0.213333333   19.020453851
    0.270000000   19.253564919
    0.326666667   19.513734553
    0.383333333   19.819514645
    0.440000000   20.180366338
    0.496666667   20.594719849
    0.553333333   21.049026365
    0.610000000   21.527355006
    0.666666667   22.012478803
    0.723333333   22.497596386
    0.780000000   22.981683634
    0.836666667   23.468832478
    0.893333333   23.958928010
    0.950000000   24.436486813
    1.006666667   24.881635077
    1.063333333   25.281576812
    1.120000000   25.650260363
    1.176666667   26.027021896
    1.233333333   26.465665242
    1.290000000   27.007801860
    1.346666667   27.667656216
    1.403333333   28.417249008
    1.460000000   29.206125459
    1.516666667   29.979617809
    1.573333333   30.699212626
    1.630000000   31.346169266
    1.686666667   31.922537427
    1.743333333   32.446459193
    1.800000000   32.942725209
    1.856666667   33.437972183
    1.913333333   33.946696996
    1.970000000   34.469331625
    2.026666667   34.993882729
    2.083333333   35.489217043
    2.140000000   35.918532215
    2.196666667   36.249022065
    2.253333333   36.466725875
    2.310000000   36.574770568
    2.366666667   36.588354101
    2.423333333   36.527389911
    2.480000000   36.413762989
    2.536666667   36.268316486
    2.593333333   36.104419022
    2.650000000   35.925182970
    2.706666667   35.725616442
    2.763333333   35.496910694
    2.820000000   35.234640495
    2.876666667   34.940490699
    2.933333333   34.628243833
    2.990000000   34.315247878
    3.046666667   34.017711310
    3.103333333   33.743905932
    3.160000000   33.492643110
    3.216666667   33.253541734
    3.273333333   33.014217643
    3.330000000   32.764918448
    3.386666667   32.500115530
    3.443333333   32.222391633
    3.500000000   31.936193362
    3.556666667   31.642942633
    3.613333333   31.345391742
    3.670000000   31.041888034
    3.726666667   30.722122782
    3.783333333   30.365954132
    3.840000000   29.949048271
    3.896666667   29.458717369
    3.953333333   28.901493059
    4.010000000   28.305156770
    4.066666667   27.708757809
    4.123333333   27.146057312
    4.180000000   26.638226488
    4.236666667   26.185563578
    4.293333333   25.776359313
    4.350000000   25.394304907
    4.406666667   25.024430800
    4.463333333   24.650101120
    4.520000000   24.249623558
    4.576666667   23.803450610
    4.633333333   23.310414624
    4.690000000   22.785720977
    4.746666667   22.255612610
    4.803333333   21.738356187
    4.860000000   21.240061282
    4.916666667   20.751733292
    4.973333333   20.257379563
    5.030000000   19.746971922
    5.086666667   19.221009851
    5.143333333   18.691104938
    5.200000000   18.172653891
    5.256666667   17.676781960
    5.313333333   17.203323086
    5.370000000   16.738094893
    5.426666667   16.263192052
    5.483333333   15.766226359
    5.540000000   15.245267633
    5.596666667   14.710062581
    5.653333333   14.170984202
    5.710000000   13.637654236
    5.766666667   13.111702603
    5.823333333   12.594337624
    5.880000000   12.086791650
    5.936666667   11.591660250
    5.993333333   11.107545560
    6.050000000   10.632606585
    6.106666667   10.161170418
    6.163333333    9.689033502
    6.220000000    9.215546700
    6.276666667    8.742100185
    6.333333333    8.271890353
    6.390000000    7.808591009
    6.446666667    7.356944690
    6.503333333    6.917204792
    6.560000000    6.488657740
    6.616666667    6.067613615
    6.673333333    5.647841523
    6.730000000    5.226940264
    6.786666667    4.808259974
    6.843333333    4.397450016
    6.900000000    4.009513393
    6.956666667    3.652720882
    7.013333333    3.326794193
    7.070000000    3.021409589
    7.126666667    2.722579642
    7.183333333    2.420178737
    7.240000000    2.116125887
    7.296666667    1.817014293
    7.353333333    1.533499555
    7.410000000    1.273782212
    7.466666667    1.041774724
    7.523333333    0.840894240
    7.580000000    0.667268448
    7.636666667    0.516555034
    7.693333333    0.384925221
    7.750000000    0.268958558
    7.806666667    0.172645696
    7.863333333    0.099131161
    7.920000000    0.047453322
    7.976666667    0.015547316
    8.033333333    0.000000000
    8.090000000    0.000664147
    8.146666667    0.024136160
    8.203333333    0.078411006
    8.260000000    0.169546139
    8.316666667    0.297562102
    8.373333333    0.456738268
    8.430000000    0.640939264
    8.486666667    0.848887313
    8.543333333    1.080027945
    8.600000000    1.341307892
    8.656666667    1.640283681
    8.713333333    1.983712532
    8.770000000    2.369618614
    8.826666667    2.795275032
    8.883333333    3.253696703
    8.940000000    3.741674850
    8.996666667    4.255453485
    9.053333333    4.794125850
    9.110000000    5.360696510
    9.166666667    5.959672918
    9.223333333    6.594637714
    9.280000000    7.270628723
    9.336666667    7.990319219
    9.393333333    8.756165987
    9.450000000    9.568947309
    9.506666667   10.427666957
    9.563333333   11.334078355
    9.620000000   12.288621142
    9.676666667   13.296755439
    9.733333333   14.360285285
    9.790000000   15.477694409
    9.846666667   16.642691270
    9.903333333   17.845010139
    9.960000000   19.074518754
   10.016666667   20.329028758
   10.073333333   21.618972826
   10.130000000   22.962209478
   10.186666667   24.379654142
   10.243333333   25.891714167
   10.300000000   27.515208528
   10.356666667   29.249238600
   10.413333333   31.067358992
   10.470000000   32.900546649
   10.526666667   34.645428603
   10.583333333   36.175636362
   10.640000000   37.383861362
   10.696666667   38.236645013
   10.753333333   38.784366473
   10.810000000   39.116540562
   10.866666667   39.312726498
   10.923333333   39.426850883
   10.980000000   39.492390287
   11.036666667   39.529331576
   11.093333333   39.549461707
   11.150000000   39.559955269
   11.206666667   39.565301634
   11.263333333   39.567796404
   11.320000000   39.568871432
   11.376666667   39.569274203
   11.433333333   39.569420849
   11.490000000   39.569461076
   11.546666667   39.569484637
   11.603333333   39.569484637
   11.660000000   39.569484637
   11.716666667   39.569484637
   11.773333333   39.569484637
   11.830000000   39.569484637
   11.886666667   39.569484637
   11.943333333   39.569484637
   12.000000000   39.569484637
